"logFC","AveExpr","t","P.Value","adj.P.Val","B","SiteID","Site"
-7.68058229389797,24.6114529874706,-15.1697675746624,7.39516282420301e-09,7.75013063976476e-06,9.48424768422019,"Q8BTI8_S1068","Srrm2_S1068"
-6.24294074299056,23.3767337207026,-11.6737561509025,1.2049858500433e-07,6.31412585422687e-05,7.5125543908323,"F7DBB3_S841","Ahnak2_S841"
2.71333855751929,27.6925135030275,8.56051540706987,2.86256423252948e-06,0.000999989105230298,4.91592253433826,"A0A0G2JGQ6;Q80VB6;Q8CCN4;Q9JLM8_S330","Dclk1_S330"
-5.00874608713476,20.3622688989253,-8.15688760350995,4.6020971413782e-06,0.0011216005258434,4.50020540260037,"Q8BTI8_S1340","Srrm2_S1340"
-5.0032447262862,22.8237755800657,-8.03168737447361,5.35114754696279e-06,0.0011216005258434,4.36694445153874,"Q8BTI8_S2054","Srrm2_S2054"
3.80462938765675,20.6865208510898,7.44872981559956,1.1051580627594e-05,0.00193034274961975,3.71832081827515,"A0A0G2JGQ6;Q80VB6;Q9JLM8_S77","Dclk1_S77"
-4.42416266677936,19.8337443272614,-7.14796877456753,1.6318674816308e-05,0.00238682859197939,3.36484483074574,"P46938-2_S94","Yap1_S94"
-4.01427125474379,22.2465660963189,-6.97285926758976,2.05800753385534e-05,0.00238682859197939,3.15290762133805,"E9Q616_S5101","Ahnak_S5101"
2.00473175113548,27.072094868809,6.88574760191403,2.31309840092847e-05,0.00238682859197939,3.04576145521587,"P27546;P27546-2_S667","Map4_S667"
-2.66720147860771,19.7898558250267,-6.85625827892946,2.40695379736103e-05,0.00238682859197939,3.00922962314824,"B2RXQ4_S972","Nek1_S972"
-2.92256761414891,19.5214257119241,-6.82666161405521,2.50525901829898e-05,0.00238682859197939,2.97243180724769,"B1AZ14;Q3UMF0_S352","Cobll1_S352"
3.07258745437898,23.005100662886,6.4973814529243,3.94080046063085e-05,0.00344163240228428,2.55394612436968,"A0A140T8T5;P27546;P27546-2_T847","Map4_T847"
-12.980530733312,23.0758610333652,-6.2359849440321,5.70405487111368e-05,0.00459834577302087,2.20966807717737,"A0A0G2JGQ6;Q8CCN4;Q9JLM8_S352","Dclk1_S352"
-3.28873499871127,20.8522094294725,-6.03353454047387,7.6440962967971e-05,0.00553732792318809,1.93556112732947,"A0A3B2WBE1;A0A5F8MPE1;A7YY80;Q9WV92-3;Q9WV92-6_S96","Epb4.1l3_S96"
-6.75507152580079,21.699568411158,-5.98506560483661,8.20593153670795e-05,0.00553732792318809,1.86896175927331,"G5E8E1;Q3UZ39_S88","Lrrfip1_S88"
-3.55826925311757,21.6197039023323,-5.96478340370264,8.4539357605925e-05,0.00553732792318809,1.84098055437881,"Q8VDZ4-2_S380","Zdhhc5_S380"
-3.25582126567954,20.0953969713363,-5.89881018884498,9.31733752437742e-05,0.00574386454443973,1.74950585009857,"A2AH25_S91","Arhgap1_S91"
-2.44135145990263,19.5570744884246,-5.83259052409775,0.000102789018179748,0.00576000832986282,1.65698328369261,"E9PUK3_S443","Fnbp1l_S443"
-2.93210571962738,19.8701422123419,-5.81666606752583,0.000105255291529784,0.00576000832986282,1.63462789200365,"B1AZ14;Q3UMF0_S762","Cobll1_S762"
-6.04571577250137,21.1855023123768,-5.78757959693764,0.000109923823088985,0.00576000832986282,1.59368934994871,"B1AZ14;Q3UMF0_S334","Cobll1_S334"
-3.62524887003714,20.5623107040569,-5.60872672631345,0.000143919674551988,0.00692273472044211,1.33895117431319,"P35601-2_S244","Rfc1_S244"
2.21381123301503,25.8127612074307,5.58678189223038,0.000148803766773074,0.00692273472044211,1.30733911671232,"P27546;P27546-2_S517","Map4_S517"
-3.42113914086051,20.0160675701642,-5.57313173007884,0.00015193024672726,0.00692273472044211,1.28763646940686,"B1AZ14;Q3UMF0_S1183","Cobll1_S1183"
-3.12560177059395,20.0879201356838,-5.44733169581363,0.000184249410739042,0.00794769923385874,1.10464056634879,"E9Q394-2_S1870","Akap13_S1870"
-4.73804219059646,20.2159030897009,-5.41686952668428,0.000193123493618888,0.00794769923385874,1.0599448972614,"P58871_S866","Tnks1bp1_S866"
-3.04137048940304,19.8912656515086,-5.40344901874856,0.000197175744351457,0.00794769923385874,1.04020625880565,"F7DBB3_S909","Ahnak2_S909"
-3.40600828443752,19.9597464834967,-5.36640687840558,0.000208834749511191,0.00810588212917511,0.985575158650057,"G3UYR9;Q6Y7W8_S26","Gigyf2_S26"
-4.58466026026469,20.7428481627409,-5.30703852601539,0.000229068695464829,0.00857371403025503,0.897557464231427,"Q99LH9_S361","Sh3bp5l_S361"
-5.55705581582057,21.1877341385402,-5.19853994828661,0.00027159767341862,0.00960466579109438,0.735245867068699,"E9Q616_S3088","Ahnak_S3088"
-3.23152411109795,20.3072560360712,-5.19078188656522,0.000274942723027511,0.00960466579109438,0.723568213619924,"Q7TT50_S1692","Cdc42bpb_S1692"
-6.27966486731819,21.2643651622478,-5.11632334254836,0.000309351868503927,0.0104580889739392,0.611006630777222,"E9Q616_S94","Ahnak_S94"
-2.83817747446314,21.7808406250983,-5.08424034245714,0.00032555429693643,0.0105140268165927,0.562236098494657,"A0A2I3BPY7_S885","Rai14_S885"
-2.80936908114972,21.1086394663347,-5.0736989578345,0.000331071455102632,0.0105140268165927,0.546176467689786,"Q6PR54-2_S1565","Rif1_S1565"
-4.66068516107181,22.4257692971343,-5.0144714896943,0.000363960465375157,0.01071442336452,0.455621067589363,"O54774_S760","Ap3d1_S760"
-2.86249168965306,20.9445699697319,-4.99931517202344,0.00037291896747039,0.01071442336452,0.432360023878712,"B9EHJ3_S912","Tjp1_S912"
1.2051801140488,30.0328715756708,4.99238074758366,0.000377094981632212,0.01071442336452,0.421705565395643,"A0A0G2JGQ6;Q80VB6;Q8CCN4;Q9JLM8_S337","Dclk1_S337"
-4.93861774239707,21.0656085405966,-4.98271146151168,0.000383000468877691,0.01071442336452,0.406836646891659,"P14873_S1307","Map1b_S1307"
-2.37981214405859,19.8191376948284,-4.96424512954515,0.000394551300005423,0.01071442336452,0.378399844388744,"D3Z3A8_S1243","Myo9a_S1243"
-3.02426662107161,20.4911295251218,-4.95041677112101,0.000403441213007698,0.01071442336452,0.357070653375975,"Q8VHX6-2_S2201","Flnc_S2201"
-2.00696037090321,19.2546774001809,-4.94057606702625,0.000409895977979229,0.01071442336452,0.341874143198751,"Q80U72_S1361","Scrib_S1361"
-3.16421117385126,20.0937785202649,-4.92671773741673,0.000419171143077596,0.01071442336452,0.320448118198745,"Q91ZW3_S65","Smarca5_S65"
-4.21695133773148,20.4931776578244,-4.89722116975023,0.000439656754867386,0.010719662433674,0.274745967857221,"E9Q616_S1009","Ahnak_S1009"
-4.7312722066235,20.3457341034997,-4.88051380016826,0.000451725560989532,0.010719662433674,0.248800367851187,"Q6NZF1_S289","Zc3h11a_S289"
-2.77459008878708,20.4288819653796,-4.87799951103484,0.000453571781340119,0.010719662433674,0.24489212840525,"A0A5F8MPE1;A7YY80;Q9WV92-3;Q9WV92-6_S470","Epb4.1l3_S470"
-3.93884737410667,20.5543494543815,-4.8689392143549,0.000460290848774172,0.010719662433674,0.230800705175963,"E9Q3E2_S134","Synpo_S134"
-4.88431195994515,21.3302341751566,-4.85108798594541,0.000473837712191046,0.0107952591820917,0.203000233920362,"A0A3B2WBH9;A0A3B2WCN9_S1159","Tjp2_S1159"
-4.52120935202989,21.8288015103119,-4.81388463547824,0.000503437010659205,0.0110883164271629,0.144906573102223,"Q8BP27_S71","Sfr1_S71"
-4.31981250514143,22.2791234199195,-4.8085215340629,0.000507861821091432,0.0110883164271629,0.136514752460633,"E0CYM1_S551","Filip1l_S551"
-3.22541576447049,20.2052879765418,-4.78047848406815,0.000531674350443784,0.0111567018973347,0.0925644137752863,"Q9ESC8_S175","Aff4_S175"
-4.39641521623959,21.4378995300397,-4.77977637587356,0.000532285395865204,0.0111567018973347,0.0914625234609545,"H3BL37_S1227","Tcof1_S1227"
-3.10360963140683,19.7911241101789,-4.72587951556902,0.000581468027109871,0.0118403718308961,0.00665707218511002,"E9Q616_S257","Ahnak_S257"
-3.55343285829151,20.9088658218032,-4.71960212365134,0.00058749936565515,0.0118403718308961,-0.00324832263676011,"Q8BTI8_S2347","Srrm2_S2347"
-4.15987454225873,21.3660120685151,-4.70054951830163,0.000606211011113854,0.011986964899006,-0.0333479809444457,"E9Q9C3_S1090","Mllt4_S1090"
-2.53474248521098,19.7532508655689,-4.680576898207,0.000626499747854688,0.0120178936052183,-0.0649584682081583,"Q69ZA1-2_S326","Cdk13_S326"
-2.40622231893191,19.4642221049554,-4.67202639734499,0.000635402425327451,0.0120178936052183,-0.0785091542226635,"Q6PAJ1_S122","Bcr_S122"
-4.25440674443742,20.4788713514658,-4.66560318362922,0.000642177520889528,0.0120178936052183,-0.0886955854756932,"A2BG76_S327","Nfib_S327"
-3.41130819867984,20.5244573196008,-4.6514990795379,0.000657321784659749,0.0120854952688319,-0.111084089792792,"Q8BTI8_S775","Srrm2_S775"
-4.05747857273084,20.150043591461,-4.60890134241385,0.000705379491066685,0.0125183705695236,-0.178877936786961,"A0A0N4SW73_S626","_S626"
-8.58597955688788,23.2839222763974,-4.59948810242123,0.000716488276628767,0.0125183705695236,-0.193894327123626,"E9Q616_S5596","Ahnak_S5596"
-2.22130801435144,19.7370273903181,-4.59930967623811,0.000716700605125397,0.0125183705695236,-0.194179082838876,"Q80XK6_S496","Atg2b_S496"
-3.58138141998923,19.8463242184068,-4.56509179810661,0.000758665560582968,0.0129174820664074,-0.248872583303604,"A2AQD6_S667","Ssfa2_S667"
-4.37551264776903,21.7431360354334,-4.56072605987781,0.000764202183317995,0.0129174820664074,-0.255862733960832,"B7FAU9_S2144","Flna_S2144"
-4.98564087585537,21.1972273654142,-4.55066909132509,0.000777118197480292,0.0129272995390372,-0.271975615633681,"Q8BTI8_S2646","Srrm2_S2646"
-2.9534351197201,20.3140627448139,-4.53101270806297,0.000803027609988798,0.0129577871586857,-0.303509573013786,"Q7TSC1_S761","Prrc2a_S761"
-3.00691985798582,19.8175891928751,-4.53052672209359,0.000803679547055891,0.0129577871586857,-0.304289910605941,"A0A1W2P737_S1437","Pcnt_S1437"
-4.6804640274922,20.9209599860684,-4.51186992828786,0.000829131084481512,0.013100104931869,-0.334271793528388,"E9Q616_S517","Ahnak_S517"
-3.22033674591609,19.8162321979968,-4.50146989708601,0.000843683972644306,0.013100104931869,-0.351006009429975,"E9Q3Z5_S846","Svil_S846"
-3.67841315055658,20.3695799498155,-4.49700977577821,0.000850006808556386,0.013100104931869,-0.35818720572096,"A0A5F8MPE1;A7YY80;Q9WV92-3;Q9WV92-6_S456","Epb4.1l3_S456"
-3.2719838941508,19.9789010314009,-4.43729764932379,0.000939602490378056,0.0142125367696987,-0.454593890710079,"F7DBB3_S1492","Ahnak2_S1492"
-2.24225478648168,19.5249176724927,-4.42918918999269,0.000952510467744145,0.0142125367696987,-0.467722878980346,"P09450_S256","Junb_S256"
-2.74082864772184,20.9337709579294,-4.42276292592897,0.000962872242985311,0.0142125367696987,-0.478134447627331,"A0A3B2WBE1;A0A5F8MPE1;A7YY80;Q9WV92-3;Q9WV92-6_S486","Epb4.1l3_S486"
-3.74960333820717,20.055212123967,-4.41439239720616,0.000976546069008726,0.0142141705600159,-0.491704421535352,"F7DBB3_S1273","Ahnak2_S1273"
-3.22145890186603,21.1693881582742,-4.39275242570193,0.00101284585292953,0.0144553298529358,-0.526830073959363,"Q99KG3-2_S646","Rbm10_S646"
-3.18125125623498,21.7499037612632,-4.3881765169236,0.00102070077205844,0.0144553298529358,-0.53426566557633,"Q811P8_S952","Arhgap32_S952"
-3.09333522894314,19.9936657921539,-4.36922267963634,0.00105392094802494,0.0145986048926698,-0.565094324281653,"Q6P9Q6_S1159","Fkbp15_S1159"
-3.39645938572283,20.8965004397683,-4.35833589892843,0.00107351116995076,0.0145986048926698,-0.582823383246648,"Q8BTI8_S1996","Srrm2_S1996"
1.5359995855827,27.9272243116712,4.35632151973865,0.00107717746484442,0.0145986048926698,-0.586105506054022,"A0A0G2JGQ6;Q80VB6;Q8CCN4;Q9JLM8_S332","Dclk1_S332"
-4.34186138188766,20.9476493200149,-4.35121119279177,0.00108653738704985,0.0145986048926698,-0.594434403195477,"A0A3B2WCL5_S213","Ranbp3_S213"
-3.64894714321506,20.8198058368719,-4.32546547983244,0.00113500168489593,0.0146369999936631,-0.636447342967857,"A0A5H1ZRL7_S822","Tp53bp1;Trp53bp1_S822"
-1.91088648302156,19.3455883980071,-4.32538753590277,0.00113515178849952,0.0146369999936631,-0.636574666682954,"G3X8V5_S566","Rnf219_S566"
2.7421782309271,21.3267368494462,4.32016172444473,0.00114526303407539,0.0146369999936631,-0.645112987202647,"E9QKD1_S324","Nol8_S324"
-4.79424214910729,20.9533695401849,-4.31338204864942,0.001158521122868,0.0146369999936631,-0.656195412135766,"Q62130_S578","Ptpn14_S578"
-2.79201455955128,20.1374080238837,-4.31302282974013,0.00115922805293325,0.0146369999936631,-0.656782777007654,"Q9D9K3_S82","Aven_S82"
-2.83145493542376,19.9483755594535,-4.28560022380187,0.00121454643141473,0.0146747970663575,-0.701671058580591,"F8VQK5_S831","Sash1_S831"
-6.7829670359096,21.8315722544164,-4.28034800299971,0.0012254521797732,0.0146747970663575,-0.710279468596806,"Q9QXS1;Q9QXS1-13;Q9QXS1-3_S4393","Plec_S4393"
-3.56843130810634,22.3968536524049,-4.27582818974404,0.00123491894003532,0.0146747970663575,-0.717690276404573,"Q05D44_S137","Eif5b_S137"
-4.47014266333099,20.6920458395641,-4.26707806493981,0.00125346355992174,0.0146747970663575,-0.732044599807029,"E9Q616_S576","Ahnak_S576"
-4.00330646419217,20.5636718448466,-4.26522012373564,0.00125743845114965,0.0146747970663575,-0.735093747988507,"P14873_S1373","Map1b_S1373"
-2.29533566965225,19.3471589011438,-4.26391588448524,0.00126023660143298,0.0146747970663575,-0.737234452868088,"Q8BTI8_S1498","Srrm2_S1498"
-2.11037445159768,19.7410835755933,-4.25818817103192,0.00127260209842907,0.0146747970663575,-0.746638145203706,"Q6NZM9_S629","Hdac4_S629"
-2.37230989869563,19.362037338064,-4.25743252623559,0.00127424287503676,0.0146747970663575,-0.747879063189449,"E9Q9V3_S2075","Ncor2_S2075"
-3.0982387709296,20.2972528877042,-4.2258575035961,0.00134481358160356,0.0152085099780682,-0.799795522379529,"E9Q3E2_S1037","Synpo_S1037"
-3.46589099953277,20.271835219992,-4.21722679583503,0.00136480393437325,0.0152085099780682,-0.814007968122607,"Q7TSC1_S454","Prrc2a_S454"
-3.74843783529325,20.3381636928913,-4.21198205813803,0.00137710278732407,0.0152085099780682,-0.822649132598549,"E9Q5F9-2_S624","Setd2_S624"
-2.63191844268517,19.533649356541,-4.20303436327661,0.00139835232039838,0.0152085099780682,-0.837399059184428,"P33174_S802","Kif4_S802"
-4.52204192390358,20.9961615336301,-4.20202781221626,0.00140076402514952,0.0152085099780682,-0.839058934411541,"E9Q616_S5378","Ahnak_S5378"
-3.00116524654281,20.0511114800771,-4.19916050956799,0.00140765788919143,0.0152085099780682,-0.843788003280624,"P19426_S115","Nelfe_S115"
-2.03783957139997,23.2379942721395,-4.19213694611033,0.00142469440383515,0.0152355075022371,-0.855376277294803,"P97434;Q5SWZ5_S992","Mprip_S992"
-2.46215428793265,19.6233380733594,-4.17126320843217,0.00147660533867373,0.0155890410948404,-0.889851530342883,"Q3TIZ5_S334","Apbb2_S334"
-1.47869019577604,19.576697662952,-4.16159424172954,0.00150131490141195,0.0155890410948404,-0.905838701288711,"P58871_S539","Tnks1bp1_S539"
-2.35948082698117,20.2218931424682,-4.15209992018209,0.00152599724295603,0.0155890410948404,-0.921547998166647,"A0A0R4J0M9_S997","Vcpip1_S997"
-3.4552352464335,20.9802413930919,-4.15006204130247,0.00153134994746652,0.0155890410948404,-0.924921272152613,"Q6NVE8_S405","Wdr44_S405"
-2.81592573298738,20.3403206566316,-4.14976604421241,0.0015321290389013,0.0155890410948404,-0.925411273317357,"P14873_S2030","Map1b_S2030"
-7.2153167848335,21.8225690636502,-4.14117082169854,0.00155493328793689,0.0156689431322871,-0.939644560708691,"B1AU41_T264","Adra1b_T264"
-2.85964973890578,19.7385034558166,-4.13326563523183,0.00157621863509069,0.015671166114249,-0.95274289633383,"Q8K389_S485","Cdk5rap2_S485"
-2.68319970134293,19.9461975220263,-4.13001437309482,0.00158506069476183,0.015671166114249,-0.958132145030051,"F8VPU2_S373","Farp1_S373"
-5.03074881649086,21.384142502293,-4.11757492006247,0.00161936996771272,0.0158607451043265,-0.978763059440906,"D3Z2E3_S618","Reps1_S618"
-1.94566051688392,19.4131223645221,-4.08620210177526,0.00170937335655861,0.0165534293537926,-1.03087487060594,"A0A0R4J0X8_S340","Arhgef7_S340"
-3.24210020757139,19.9541479431359,-4.08204527352618,0.00172168301485056,0.0165534293537926,-1.0377880532777,"Q6PAR5-5_S881","Gapvd1_S881"
-2.05195389918142,19.8261122116264,-4.05363338675579,0.00180832426790592,0.0172283984796855,-1.08509199946181,"F2Z3U3_S192","Raph1_S192"
-3.86278279643585,20.8350044697615,-4.03403733708444,0.00187071156430933,0.0176622136882539,-1.11777077944017,"Q14AX6-3_S1079","Cdk12_S1079"
-3.07447210331931,21.1536304789343,-4.01502257911038,0.00193338656103447,0.0180877084510372,-1.14952059971879,"Q9R0L6-2_S1808","Pcm1_S1808"
-3.57861162406481,21.1205443891537,-4.01000176225961,0.00195029680817482,0.0180877084510372,-1.15791066084966,"Q8BTI8_S1338","Srrm2_S1338"
-3.44813873999636,21.4875624621439,-4.00264878974413,0.00197533929299625,0.0181592594654392,-1.1702027971127,"Q6NV99_S849","Haus6_S849"
-2.15450435617414,19.8783678477676,-3.99587863857325,0.00199869187780627,0.0182141659820954,-1.18152575660527,"Q80U72_S1490","Scrib_S1490"
-2.83239145036736,20.2917339074582,-3.9803656215692,0.0020532879568211,0.0185503946443837,-1.20748944183601,"Q8R5H1_S229","Usp15_S229"
-2.47808914719403,19.4735813710917,-3.94837691693092,0.00217080605896134,0.0194152068184059,-1.26110785901959,"Q61235_S90","Sntb2_S90"
-3.02898217176434,20.8574060041481,-3.9443560357983,0.00218606336314113,0.0194152068184059,-1.26785502809253,"Q569Z6_S572","Thrap3_S572"
-2.15853565179602,19.5627659019381,-3.93037369814416,0.00223999020365338,0.0196993574565836,-1.29133069688487,"O35382_S32","Exoc4_S32"
-4.55816380718558,21.0021280290832,-3.92637824335799,0.00225565161716606,0.0196993574565836,-1.29804251579635,"Q8BTI8_S2052","Srrm2_S2052"
-2.93332843705855,19.9677644524602,-3.9096252212053,0.00232256514763014,0.0200861793541215,-1.32620275521189,"A2AQD6_S738","Ssfa2_S738"
-2.49854130680797,19.9396283325941,-3.90576403221466,0.00233827660420117,0.0200861793541215,-1.33269701242448,"Q69ZA1-2_S318","Cdk13_S318"
-2.8861914754779,20.5828422172967,-3.89494674138406,0.00238288155031427,0.020302925729507,-1.35089879208508,"A0A3B2WBH9;A0A3B2WCN9_S236","Tjp2_S236"
-2.16003042251123,24.5313285432515,-3.87757207643624,0.00245637779320396,0.0207603542522399,-1.38015829170113,"A0A0R4J1L2;Q80T06_S133","Eef1d_S133"
-2.12570190213237,19.5976543507495,-3.8725040364189,0.0024782549592963,0.0207776895787402,-1.38869852855968,"Q3TZZ7_S662","Esyt2_S662"
-3.44460009325059,25.891783802433,-3.86504221496787,0.00251083285111525,0.0208837526029268,-1.40127703587186,"A0A0R4J1L2;Q80T06_S162","Eef1d_S162"
-3.35529519378613,20.0870073623099,-3.84934051365501,0.0025808403438031,0.0212970132307531,-1.42776285845534,"Q9D824-3_S442","Fip1l1_S442"
4.44672596531565,21.2606640486105,3.83827271180176,0.00263139747242982,0.0214952060412431,-1.44644602573045,"Q8VDD9_S1283","Phip_S1283"
-2.13938272670084,19.4472565692816,-3.83221481812621,0.00265950204914814,0.0214952060412431,-1.45667694086535,"B7FAU9_S1459","Flna_S1459"
-2.79379817909922,20.1914627117235,-3.82948358744742,0.00267227442290212,0.0214952060412431,-1.46129070059292,"A0A0A0MQ98_S1969","Jmjd1c_S1969"
-1.88484402704821,24.5954690680706,-3.82637242939084,0.00268690075515538,0.0214952060412431,-1.46654708745889,"P58871_S1063","Tnks1bp1_S1063"
-2.95126871291602,21.3036038881359,-3.81201602450486,0.00275547307137677,0.021876786203052,-1.49081400431533,"E9PYH6_S483","Setd1a_S483"
-2.0123148988827,19.5998806010559,-3.80367532019377,0.0027961396425885,0.0220327394393439,-1.50492096779244,"O70318_S630","Epb41l2_S630"
-3.55458183910397,21.0531771365649,-3.79019048606441,0.00286320327524918,0.0223928136750831,-1.52774144000685,"Q62130_S646","Ptpn14_S646"
-2.08404554095597,19.8814342053869,-3.78501331945293,0.00288938992275948,0.0224302269559402,-1.53650702717711,"B7ZNL2_S7","Nap1l4_S7"
-1.41424396198731,26.0649413005276,-3.7686452251098,0.00297381964304496,0.0229108715459116,-1.56423548522982,"E9Q616_S5607","Ahnak_S5607"
2.31762686799658,20.058011698842,3.75210330621687,0.00306173497543844,0.0229108715459116,-1.59228156313241,"O08648-2_S454","Map3k4_S454"
-3.29432937612259,20.1583630381226,-3.75096817552619,0.0030678652978297,0.0229108715459116,-1.59420696702869,"A0A3B2WCL5_S215","Ranbp3_S215"
-3.55964614966845,20.0947463269622,-3.75010671762548,0.00307252608668746,0.0229108715459116,-1.59566823979486,"Q8BHK9_S1021","Ercc6l_S1021"
-3.22272725222522,20.1248560597122,-3.74885525928097,0.00307930992843529,0.0229108715459116,-1.59779117181141,"V9GXD9_S989","Synrg_S989"
-3.07319334197583,21.039858671579,-3.74827251105899,0.00308247412974574,0.0229108715459116,-1.59877977069461,"A0A338P7L8_S195","Chmp2b_S195"
-2.58480150200376,20.5011828708256,-3.733914789693,0.00316150167716728,0.0232836961982027,-1.62314565047566,"A2AWA9_T991","Rabgap1_T991"
-4.7308116174949,20.2757843114007,-3.7260190115258,0.00320584880191576,0.0232836961982027,-1.6365523990981,"A0A0R4J0X2_S441","Alas1_S441"
-2.52154062734134,20.0181300046689,-3.7255177250407,0.003208685864091,0.0232836961982027,-1.63740373530397,"Q8BHJ9_S235","Slu7_S235"
-2.52672114578461,20.6044918794758,-3.72325858244521,0.00322150376788109,0.0232836961982027,-1.64124069350866,"Q8BH76_S305","Pold3_S305"
-2.78428914027516,21.2204573085506,-3.71916260111329,0.00324487825593546,0.0232920028234272,-1.64819840421697,"E9Q6J5-2_S482","Bod1l_S482"
-3.93623444266625,21.8268940948729,-3.70934480899398,0.00330161952661025,0.0235380766250853,-1.6648809897968,"D3YUD2;E9Q9C3_S216","Mllt4_S216"
-2.17925340033715,19.9087286798457,-3.68744473120282,0.00343190238115316,0.0241415726362226,-1.70212111981184,"B1AZ14;Q3UMF0_S1234","Cobll1_S1234"
-2.25185627987743,19.9963306118985,-3.67894201541232,0.00348390111714359,0.0241415726362226,-1.71658949768273,"E9PZY8_S1628","1110037F02Rik;Kiaa1429_S1628"
-1.82334569544057,19.7467323588052,-3.67132445306133,0.00353117535196081,0.0241415726362226,-1.72955628374344,"G5E8I8_S926","Cherp_S926"
-2.73182716302819,21.153078625118,-3.67065094860357,0.00353538673149848,0.0241415726362226,-1.73070294558743,"Q3UMU9-4_S314","Hdgfrp2_S314"
-4.26064114190565,21.3736147832682,-3.67021169869831,0.00353813611714825,0.0241415726362226,-1.73145079999309,"Q543V3_S1095","Irs1_S1095"
-1.95573814340612,20.5156622302955,-3.6693701036872,0.00354341003970823,0.0241415726362226,-1.73288371554958,"Q5XJE5_S659","Leo1_S659"
-2.40505800817114,19.3111342591897,-3.66817781980383,0.00355089543495227,0.0241415726362226,-1.73491381003377,"Q3TC46_S179","Patl1_S179"
-4.61507535166094,24.5806255901846,-3.66505837299054,0.00357055702157873,0.0241415726362226,-1.7402257677255,"Q8BTI8_T2056","Srrm2_T2056"
-3.92832371094855,19.5977850664667,-3.64654808264232,0.00368955262560803,0.0247862253310078,-1.77176060257449,"E9Q616_S5059","Ahnak_S5059"
-2.92510704073651,24.246470547812,-3.64136579383696,0.00372359305540191,0.0248555765736382,-1.78059373983111,"Q8BTI8_S2404","Srrm2_S2404"
-3.47612754548016,19.8169022617004,-3.63207411013639,0.00378543738767829,0.0250001193244709,-1.79643600331662,"A2ARP8_S1229","Map1a_S1229"
-2.1409437195619,19.7715358431161,-3.63095499117323,0.00379295703491495,0.0250001193244709,-1.7983444995411,"O55143_S663","Atp2a2_S663"
-3.07040837354882,21.6204218698146,-3.62438475536497,0.00383741490859419,0.0251350676512919,-1.80955083019132,"A0A3B2WBE1;A0A5F8MPE1;A7YY80;Q9WV92-3;Q9WV92-6_T495","Epb4.1l3_T495"
-1.86168523515812,19.9217259402851,-3.60818452661976,0.003949337498791,0.025707488812006,-1.83719479578698,"Q8BTI8_S2644","Srrm2_S2644"
-2.80043559603189,20.4155710926319,-3.59011567983169,0.00407813369518883,0.0263820006948018,-1.86804784100443,"B9EHJ3;P39447_S617","Tjp1_S617"
-2.16345731264665,19.1518329282343,-3.57434554961235,0.00419406728315898,0.0269655368880405,-1.89499284750129,"A0A0J9YV44_S450","Ythdc2_S450"
-4.0896776854404,20.084414294791,-3.56790455067684,0.00424238610304977,0.0271098819268059,-1.90600245923768,"Q8CCN4_S13","Dclk1_S13"
-1.99512614699042,20.1032576700069,-3.5471262258603,0.00440218948076268,0.0278076872805878,-1.9415359669249,"Q8K1J5_S269","Sde2_S269"
-2.14873400939046,19.676463952051,-3.54394852150448,0.00442716763728664,0.0278076872805878,-1.94697248200459,"Q569Z6_S320","Thrap3_S320"
-4.0670237633379,22.1538104068332,-3.54343892279494,0.00443118680902497,0.0278076872805878,-1.94784437370999,"Q8BTI8_S349","Srrm2_S349"
4.69687657731383,23.0192444805777,3.53608961260517,0.0044895681602671,0.0278829335604306,-1.96042024553054,"Z4YJT3_S81","Larp1_S81"
-3.21608398695828,20.813386062006,-3.53301454755247,0.00451422927460991,0.0278829335604306,-1.96568309766754,"Q501J7-2_S91","Phactr4_S91"
-1.49726553385743,19.9889019383204,-3.53192567715142,0.00452299494777977,0.0278829335604306,-1.96754678419754,"P14873_S1781","Map1b_S1781"
-1.7645971895506,19.4355050915799,-3.52110046992398,0.00461109519189029,0.028259811468427,-1.98607856486153,"Q8BI84_S772","Mia3_S772"
-2.94684296268826,21.5167587545868,-3.50941614453088,0.00470816258067102,0.0286522106679496,-2.00608826739564,"Q543V3_S3","Irs1_S3"
-2.07399176184105,20.0779208023165,-3.50684498983248,0.00472980195186573,0.0286522106679496,-2.01049241542229,"E0CYM1_S809","Filip1l_S809"
-5.48649707231343,22.525509324269,-3.50232455087956,0.00476809421539789,0.0287181766536609,-2.01823634911729,"F6RJ39;Q9JIX8-4_S176","Acin1_S176"
-3.14661147276458,23.215909134967,-3.47079994413497,0.00504411370813023,0.0302070352349742,-2.07226981451672,"A0A0N4SW73_S307","Rab11fip5_S307"
-3.18684174406802,20.5021304385664,-3.46364927874027,0.00510896614542778,0.0304215711386836,-2.08453286360732,"Q69Z38_S569","Peak1_S569"
-2.6604342688603,20.1251770584732,-3.45277011782037,0.00520927397791688,0.0307170662816028,-2.10319465258542,"D3Z3A0_S123","Ppp1r2_S123"
-2.21242127730321,19.9644445180318,-3.44734166582509,0.00526007617987869,0.0307170662816028,-2.11250845974419,"D6RCX5_S100","Mtfr1l_S100"
-0.959375720779867,27.2564761959919,-3.44634709907255,0.00526943860056574,0.0307170662816028,-2.11421501853933,"Q8BTI8_S1151","Srrm2_S1151"
-3.41312350341839,24.9700666650584,-3.44491006366612,0.00528299632835816,0.0307170662816028,-2.11668087802607,"Q9ERG0_S488","Lima1_S488"
-3.02192955762759,19.986278432585,-3.44257082957282,0.0053051421726814,0.0307170662816028,-2.12069504518298,"E9Q616_S5090","Ahnak_S5090"
-2.81268556253316,21.7724640244065,-3.43661798333314,0.00536192754483571,0.0308380180550547,-2.13091130296692,"Q6P542_S225","Abcf1_S225"
-2.40428398601788,20.9484744635822,-3.43422982284537,0.00538488292373569,0.0308380180550547,-2.13501028296778,"Q5SF07_S164","Igf2bp2_S164"
-3.74315131415481,22.6007265873883,-3.41787008870911,0.00554485911755082,0.0315815888869199,-2.16309609514698,"Q6Y7W8_S237","Gigyf2_S237"
-2.37287080686239,19.7460081879509,-3.41218907703087,0.00560154050176417,0.0317319699775614,-2.17285157687322,"A6X8Z5_S1163","Arhgap31_S1163"
-2.68969078779288,20.295691772863,-3.4086674025572,0.00563697418307187,0.0317610158272007,-2.17889965812927,"Q8C3S2-2_S561","Tango6_S561"
-2.26113975331902,20.2142594321066,-3.37283606869497,0.00601076716233502,0.0336860106210006,-2.24046181641481,"O89032-3_S986","Sh3pxd2a_S986"
-3.53580668038466,19.8601810401956,-3.36922850877678,0.00604977606511505,0.0337242835970243,-2.24666245002233,"Q91VL0_S114","Bnip2_S114"
-1.37582089964738,19.4049122224504,-3.36300997064916,0.00611762476161791,0.0338614970372222,-2.25735178280376,"E9QP01_S496","Cic_S496"
-3.06951382874339,20.6587839309531,-3.36106434485593,0.00613901186743532,0.0338614970372222,-2.26069645850734,"F6RJ39;Q9JIX8-4_S670","Acin1_S670"
3.00628076825952,20.6886781383648,3.34885910341898,0.0062749265926514,0.0344299637125585,-2.28168079738141,"A0A0G2JGQ6;Q80VB6;Q9JLM8_S305","Dclk1_S305"
-2.12228775571904,19.1169542387047,-3.34538728122412,0.00631414536043074,0.0344647100923511,-2.28765066325463,"E9Q616_S3137","Ahnak_S3137"
-3.16349192461437,19.9285012623468,-3.32501489369036,0.00654936307916021,0.0355633808650772,-2.32268804374806,"E9QMJ1_S819","Asap1_S819"
-3.75728623250958,20.5199041887015,-3.31206531793782,0.00670349715362264,0.0360546385991544,-2.3449648115167,"F8WHT3_S387","Prrc2b_S387"
-1.44187567421463,19.5629775110828,-3.31163849839185,0.00670863981568235,0.0360546385991544,-2.34569912366126,"Q80U35_S728","Arhgef17_S728"
-2.57594151869064,20.1250554234794,-3.30448483096215,0.00679543288352382,0.0363347635812906,-2.3580070985697,"Q5F2E7_S213","Nufip2_S213"
-3.33934433976898,21.063346493217,-3.30153679485379,0.00683153202917964,0.0363423632821333,-2.3630795567856,"O89032-3_S950","Sh3pxd2a_S950"
-2.81788843486707,20.5271871626524,-3.29801502265583,0.00687491248206969,0.0363884256626719,-2.36913943832671,"Q99P72_S344","Rtn4_S344"
-2.48518298703405,20.2865320676753,-3.29291521825574,0.00693822794699023,0.0365390094896772,-2.37791507420512,"D3Z3A0_S122","Ppp1r2_S122"
-2.12956544515225,20.0413667114908,-3.26571205090135,0.00728611778702979,0.0380982647413412,-2.42473378125624,"A0A0R4J170_S1422","Smarca4_S1422"
-3.09182534868401,20.0891803312166,-3.26412031395619,0.00730701451623051,0.0380982647413412,-2.42747365721267,"E9Q616_S5414","Ahnak_S5414"
-3.8686291210313,23.879477768207,-3.2392937874614,0.00764093606505501,0.0396420841394933,-2.47021221979234,"E9Q616_S213","Ahnak_S213"
-2.64720818960513,22.4488181140627,-3.23229707806067,0.00773781201927925,0.0399469310157865,-2.48225823203892,"P20152_S39","Vim_S39"
-5.99125694519372,22.3939282385687,-3.22063471584985,0.00790206639514932,0.0405949293241004,-2.5023379027821,"E9Q616_S211","Ahnak_S211"
-1.58099592911947,19.531232195053,-3.21721236586137,0.00795093519411473,0.0406046534583788,-2.50823052514289,"Q8BKP1_S160","Tpd52l2_S160"
-2.13146581289274,21.0431613477949,-3.21436949276495,0.00799176241447421,0.0406046534583788,-2.51312545726465,"Q6KCD5-2_S2652","Nipbl_S2652"
-4.05715591798941,21.5699912341245,-3.2123984375786,0.00802019395599658,0.0406046534583788,-2.51651929857396,"Q6DFZ1_S1318","Gbf1_S1318"
-1.70464423289495,20.8650102437387,-3.20797472854815,0.00808437778496333,0.0407328265319306,-2.52413629163519,"G5E8J4_S822","Ptpn21_S822"
-1.79428641636181,19.6099781365338,-3.20255904804315,0.00816366356282593,0.0407960465441428,-2.5334614389321,"Q9R0L6-2_S684","Pcm1_S684"
-2.29698122325973,20.6955073258061,-3.19954061549581,0.00820819508337035,0.0407960465441428,-2.53865886300023,"P81122_S362","Irs2_S362"
-2.36428323240408,20.5278639051918,-3.19916810471767,0.0082137078442883,0.0407960465441428,-2.53930028950736,"Q8VE94_S350","Fam110c_S350"
-2.75538661832788,21.7236810832163,-3.19195829527539,0.00832114738018945,0.0411347285586724,-2.55171493471917,"E9PYT0_S1219","Arhgap5_S1219"
-1.32910486034556,19.4238131010162,-3.18185843713014,0.00847405263805549,0.0416939303506204,-2.56910611438041,"Q8BKC8-2_S294","Pi4kb_S294"
-3.24098294242939,22.5578024482134,-3.1725384801182,0.00861767416262868,0.0420236324297283,-2.58515434858149,"A0A140T8T5;P27546;P27546-2_S1046","Map4_S1046"
-2.79926806231208,19.9526439631076,-3.17230777301363,0.00862126046983931,0.0420236324297283,-2.58555160655551,"Q80XU3_S214","Nucks1_S214"
-4.20574830386515,20.2377157889234,-3.16806263825683,0.00868752075183289,0.0420893923030906,-2.59286134527503,"Q8CCN4_S16","Dclk1_S16"
-2.5021097327854,21.1049324657975,-3.16630697181906,0.00871507455130789,0.0420893923030906,-2.59588443031006,"A2AFQ0_S1907","Huwe1_S1907"
-3.23854772094289,20.8960338608457,-3.14356486280212,0.00908008880419923,0.0436510691137651,-2.63504285577572,"Q8BTI8_S1497","Srrm2_S1497"
-2.23531481136198,20.0446545535548,-3.14096013471091,0.00912287010849611,0.0436564743091504,-2.63952759281337,"Q4VAC9-5_S249","Plekhg3_S249"
-2.29085234360555,20.8761760632501,-3.13799873452189,0.00917175716733837,0.0436909159607755,-2.64462637008813,"P81122_S1165","Irs2_S1165"
-4.82053043328928,24.6272065223879,-3.12671199764633,0.00936051986199556,0.0442534536893932,-2.66405852300855,"A0A0R4J1F8_S784","Wdhd1_S784"
-1.17180311809437,26.7031727032564,-3.12589704950948,0.00937430030443254,0.0442534536893932,-2.66546155328596,"Q8BTI8_S1360","Srrm2_S1360"
-1.85372821233046,19.4991663372131,-3.10922443852208,0.00966076965545948,0.0452285725870346,-2.69416368841045,"P58871_S976","Tnks1bp1_S976"
-1.95576550322604,21.3391167542611,-3.1088573304885,0.00966717582012953,0.0452285725870346,-2.69479562883305,"Q8K327_S448","Champ1_S448"
-1.44028078957028,19.6654073229428,-3.10434611905652,0.00974624908942391,0.0453958624254056,-2.70256107542512,"Q9WTX2_S18","Prkra_S18"
-4.22060292492346,21.1388583444581,-3.09475912348886,0.00991646629149064,0.0459843215640805,-2.71906275216067,"Q8BTI8_S1984","Srrm2_S1984"
-3.28044034050635,21.2338479011673,-3.09194351391102,0.00996702507012582,0.0460151642004047,-2.72390884616975,"A0A3B2WBH9;A0A3B2WCN9_S262","Tjp2_S262"
2.83978358989932,22.115111739398,3.08782152453336,0.0100415114164864,0.0461557191424463,-2.73100316446359,"A2AJI0;A8Y5P4_S548","Map7d1_S548"
-3.0956284338225,20.9759221186103,-3.08132741151994,0.0101600040371733,0.0463223249187903,-2.74217947746283,"P97434;Q5SWZ5_S292","Mprip_S292"
-2.04226861909606,20.4477818725918,-3.07871259028567,0.0102081117552356,0.0463223249187903,-2.74667932872523,"P20152_S201","Vim_S201"
-3.22648121091883,20.3149080688938,-3.07859070606718,0.0102103597864891,0.0463223249187903,-2.74688907615054,"Q62318_S473","Trim28_S473"
-1.5949971309062,19.9870398611238,-3.0710035833268,0.010351283632479,0.0467592467536121,-2.75994494814567,"A2AH75_S1138","Kif1b_S1138"
-2.96928730858636,20.4126297546373,-3.06677690045059,0.0104306390718901,0.0467824283132152,-2.76721765319215,"B1ARU4;F7ACR9;Q9QXZ0-3_S1766","Macf1_S1766"
-2.5358097414924,20.4403656141179,-3.06597864693744,0.0104456948714622,0.0467824283132152,-2.76859113461986,"G5E8R4_S617","Ppp6r3_S617"
-2.00415585216935,19.8870585490289,-3.0415204699986,0.0109177654553156,0.048688588073067,-2.81066644868113,"E9PYF4_S194","Lmo7_S194"
-1.50560439384193,19.7483943520317,-3.02749403452297,0.0111981235188136,0.0496820931460005,-2.83478867506703,"Q8BKC8-2_S496","Pi4kb_S496"
1.85216062516331,23.9758350608914,3.02480523181346,0.011252688659351,0.0496820931460005,-2.8394121128951,"Q99JF8;Q99JF8-2_S274","Psip1_S274"
-2.81339113567953,21.8893616948557,-3.01860250279422,0.0113795858354366,0.0496820931460005,-2.85007692049184,"A0A3B2WCL5_S324","Ranbp3_S324"
-1.59663057898407,19.5763241524313,-3.01858735361355,0.0113798975168827,0.0496820931460005,-2.85010296605652,"Q9R0L6-2_S683","Pcm1_S683"
-1.84621713680926,20.1711385738663,-3.01603027862507,0.011432630352764,0.0496820931460005,-2.85449916470947,"Q8BTI8_S2296","Srrm2_S2296"
-1.34823549228027,19.1611865293532,-3.01488872726429,0.0114562510597559,0.0496820931460005,-2.85646168277742,"Q80U44_S906","Zfyve16_S906"
-1.74597453816236,20.0387366598246,-3.00804673338765,0.0115988558326782,0.0496820931460005,-2.86822328184678,"Q9QY06_S1264","Myo9b_S1264"
-4.03666288641338,19.6725206055776,-3.00750375561612,0.0116102490218395,0.0496820931460005,-2.86915660757064,"K3W4R2_S1395","Myh14_S1395"
-2.55801169647278,20.5600577985272,-3.006968246024,0.0116214965249366,0.0496820931460005,-2.87007708599748,"E9Q5F9-2_S890","Setd2_S890"
-1.37554131846671,19.7245773478364,-3.00589720354302,0.0116440248862213,0.0496820931460005,-2.87191805229385,"Q91XU0_S75","Wrnip1_S75"
-2.3142743671873,20.0638971138643,-3.00504326823276,0.0116620180476299,0.0496820931460005,-2.87338581355027,"Q7TPV4_S562","Mybbp1a_S562"
2.90381468278169,20.8877417417153,3.00242513170105,0.0117173588194739,0.0497157572583344,-2.87788575552307,"A7ISP9_S146","Eml4_S146"
-2.04776988641007,20.2840813590668,-2.99508218883259,0.0118739819553058,0.0501771495530666,-2.89050514608913,"Q3TIR3_T440","Ric8a_T440"
-2.09829395844047,19.9693470378997,-2.98805837504556,0.0120257657862377,0.0506144680481008,-2.90257416756413,"Q923A2_S558","Spdl1_S558"
-1.80967660715871,19.408940527849,-2.98547162764748,0.0120821547483177,0.0506483927049478,-2.90701848750168,"P58871_S887","Tnks1bp1_S887"
-3.47378664258062,24.286687256924,-2.98271140295616,0.0121426181964724,0.0506990592426416,-2.91176056376552,"E9Q616_S5508","Ahnak_S5508"
-2.43299479150971,19.9062022420181,-2.98017381707534,0.0121984726607534,0.0507301561447206,-2.91611987131876,"H3BL37_S593","Tcof1_S593"
-2.29466277596439,19.4791556611065,-2.9754302159748,0.0123035760181206,0.0509650105414641,-2.92426816486013,"Q8K3X4_S526","Irf2bpl_S526"
-1.54745717148761,19.8562641159063,-2.96705098833709,0.0124914589544788,0.0511441363873806,-2.9386591860667,"Q80UU9_S98","Pgrmc2_S98"
-0.989047224389363,19.1581912211153,-2.96695735378545,0.0124935746545184,0.0511441363873806,-2.93881998269459,"Q6NVE8_S50","Wdr44_S50"
-2.90969673207537,19.6865795319239,-2.96485331276676,0.0125412109859081,0.0511441363873806,-2.94243310480317,"P35831_S434","Ptpn12_S434"
-3.6142786295191,22.7442889978282,-2.96481739260673,0.0125420258125542,0.0511441363873806,-2.94249478625886,"Q6Y7W8_T383","Gigyf2_T383"
-3.76799472890355,21.2506753130701,-2.94328093865328,0.0130402503940712,0.0529696992751419,-2.97946601243689,"P14873_S1293","Map1b_S1293"
-3.68584484614298,22.0438782978751,-2.93913209433561,0.0131384848937698,0.0531626724659102,-2.98658567799679,"Q8K019-2_S282","Bclaf1_S282"
-1.61693159223381,19.183509367062,-2.91020905793598,0.0138442162194008,0.0558028407612771,-3.03619421418916,"Q78HU3_S168","Mvb12a_S168"
-1.52533608366166,19.5523239324661,-2.89868353504681,0.0141359018517179,0.0567602495808443,-3.05594963946452,"A0A1B0GS41_S420","Gab1_S420"
-3.27056702058534,19.7384918640152,-2.89320686238512,0.0142766503559417,0.0569067096091822,-3.06533420582425,"A0A2I3BPY7_T249","Rai14_T249"
-3.74233240283446,20.2171158635734,-2.89303933743808,0.0142809776977241,0.0569067096091822,-3.06562123982327,"P14873_S1793","Map1b_S1793"
-2.43819011704203,20.635283051212,-2.88693960833627,0.014439436042249,0.0573201855010489,-3.07607121537914,"S4R248;S4R203_T229","Arhgap12_T229"
-1.76134010992531,19.7444249023185,-2.88043293736262,0.0146104029925033,0.0577800088156356,-3.08721578038844,"Q5DTX6_S1248","Jcad_S1248"
-3.85954094006787,21.0669094455541,-2.86671341198214,0.0149775473226269,0.0587041187428143,-3.1107054421494,"Q9ERU9_S2505","Ranbp2_S2505"
-3.00161366544877,19.900266589682,-2.8643888360083,0.0150406609431067,0.0587041187428143,-3.11468418198845,"Q9ERA6_S99","Tfip11_S99"
-2.97554523564834,20.9008915860169,-2.85942600188801,0.015176294524322,0.0587041187428143,-3.1231773215477,"A0A2I3BQE0_S314","Stk3_S314"
-1.39480068853561,20.0603748073955,-2.85876200253304,0.015194533873738,0.0587041187428143,-3.12431352687035,"Q8C1Y8_S264","Ccz1_S264"
-2.98406266976664,20.7357768900458,-2.85846935423713,0.0152025795511584,0.0587041187428143,-3.12481428350758,"Q0VAW6_S66","8030462N17Rik_S66"
-1.44681834689856,19.8032603506233,-2.85837515374201,0.0152051702767636,0.0587041187428143,-3.1249754706812,"Q5U4C3_S691","Scaf1_S691"
-1.96346506289358,21.6873029194822,-2.85698655963991,0.0152434108859662,0.0587041187428143,-3.1273514325926,"Q99P72_S408","Rtn4_S408"
-1.44986418408094,19.7251361890007,-2.85522000600956,0.0152921988709812,0.0587041187428143,-3.13037390903654,"S4R1P5_S157","Dst_S157"
-2.31520523010414,19.3912459282512,-2.85094578734374,0.0154108879405397,0.0588104627516161,-3.13768595047185,"F6YZU5_S730","Dlg5_S730"
-1.92158557194548,21.2579551354434,-2.85018411444957,0.0154321347869222,0.0588104627516161,-3.13898883183509,"A0A494B9K4;Q9QYC0_S724","Add3;Add2;Add1_S724"
-2.67962408546322,20.3634216117005,-2.84355470145878,0.0156183000905806,0.059304269909161,-3.15032702133759,"Q80XU3_S181","Nucks1_S181"
-1.97805045279693,19.5676877893892,-2.84033485419297,0.0157095251584966,0.0593090501317691,-3.15583272131205,"B1AZ14;Q3UMF0_S1012","Cobll1_S1012"
-1.90196336526232,19.718698427933,-2.83951829858427,0.0157327442143433,0.0593090501317691,-3.15722884899445,"E9PZM7_S498","Scaf11_S498"
-4.04859124058563,21.0370100672222,-2.83347086791636,0.0159057731889515,0.0596219043841843,-3.16756705286652,"E9QAN9_S647","Ifi203_S647"
-1.4137484595167,19.7179647707439,-2.83179345850542,0.0159541022713604,0.0596219043841843,-3.17043412892288,"Q5U4C3_S695","Scaf1_S695"
-4.2918931349863,21.1150968563723,-2.82799946861411,0.0160639541162539,0.0596219043841843,-3.17691813159647,"E9QAN9_T653","Ifi203_T653"
-2.1520113901297,23.6852169315905,-2.82754170574081,0.0160772591042946,0.0596219043841843,-3.17770038242391,"Q8BTI8_S2351","Srrm2_S2351"
-4.90331826875193,21.1390278108088,-2.8267536509109,0.0161001898289353,0.0596219043841843,-3.17904701667967,"A0A5H1ZRL7_S268","Tp53bp1;Trp53bp1_S268"
-1.79133961007384,19.7617495795716,-2.82411923991672,0.0161770823503975,0.0596957123352698,-3.18354836872652,"D3YUS5_S145","Rasal2_S145"
-2.72912869140983,20.4882817301954,-2.8185117877899,0.0163419711605368,0.059944189958714,-3.19312786990549,"Q5F2E7_S113","Nufip2_S113"
-2.41141870421094,20.4637791619205,-2.81794213943458,0.0163588151986567,0.059944189958714,-3.1941008904876,"E9Q804_S2400","Ankrd17_S2400"
-2.66362700704999,20.8564742994445,-2.81113113280323,0.0165615549183276,0.0603413829064196,-3.20573280498722,"B9EJ80_S515","Pdzd8_S515"
-1.48526008580349,19.4667106773621,-2.81043673178267,0.0165823647681764,0.0603413829064196,-3.20691850011469,"F6RJ39;Q9JIX8-4_S798","Acin1_S798"
-1.73043024604312,19.8500106059559,-2.80758244593865,0.0166681758420395,0.0604437656832437,-3.21179180118434,"E9Q9C3_S1802","Mllt4_S1802"
-1.62503876954987,19.9398102401433,-2.8050030568081,0.0167461024655758,0.0605169495997361,-3.21619517719688,"P20152_S325","Vim_S325"
-1.68581011928336,20.1758527175737,-2.8027577792197,0.0168142301884338,0.0605543410222634,-3.22002772911073,"A2A485_S649","Zmynd8_S649"
-1.57063579361834,20.3056519066846,-2.79533951839106,0.0170412863470109,0.0611618770262584,-3.23268723800491,"A2A9M5_S1428","Dock7_S1428"
-2.36408920632044,19.975524287456,-2.78814584089291,0.0172643799313433,0.0617510927237126,-3.24495899927652,"A0A1W2P7K6_S272","Rab3ip_S272"
-1.10956083955665,19.4304310481615,-2.78542086676369,0.0173496442078549,0.0618449902375236,-3.24960638379615,"A0A2I3BPY7_S264","Rai14_S264"
-1.61184595988384,22.6391358963201,-2.78304078924856,0.0174244590327808,0.061901129038489,-3.25366502035472,"Q569Z6_S243","Thrap3_S243"
-1.42524136421862,19.2461229501284,-2.77560893547075,0.0176601397525282,0.0625264407454377,-3.26633497281505,"G5E8J4_S799","Ptpn21_S799"
-1.77592687391513,20.1649778490048,-2.7735407174928,0.0177262890198379,0.0625325191564707,-3.26986002195576,"F6RJ39;Q9JIX8-4_S451","Acin1_S451"
-2.15175990743575,20.0517753889983,-2.77044362710784,0.0178258058864294,0.0625325191564707,-3.27513794161507,"P81122_S675","Irs2_S675"
1.81701961317014,21.8591356225064,2.76997656226924,0.0178408618585732,0.0625325191564707,-3.27593381587973,"B2RQG2_S377","Phf3_S377"
-1.24011660546577,19.2335162536732,-2.76751469398825,0.0179204298448252,0.0626020349245895,-3.28012848501271,"P48678_S637","Lmna_S637"
-1.04131995258632,19.3040877677181,-2.76101017166696,0.0181323562474061,0.0631319247417993,-3.29120854401565,"A2A9M5_S182","Dock7_S182"
-5.57807256425201,22.5903615218517,-2.75719746423841,0.0182577340658247,0.0633579645727955,-3.29770140959364,"P42208_S218","Sept2_S218"
-1.5463855305219,25.9877940680181,-2.74407519106606,0.0186958600716672,0.0646642288947433,-3.32003735803819,"Q8VDD5_S1943","Myh9_S1943"
-3.99692517730503,19.9605126994987,-2.73979648063415,0.0188409594221835,0.0649517285343694,-3.3273166753864,"A0A0R4J0X2_T443","Alas1_T443"
3.69911768413688,21.561947751815,2.73683782599942,0.0189419454546462,0.0650857666769481,-3.33234912976535,"P27546;P27546-2_S598","Map4_S598"
-4.70441115442055,22.5383425625361,-2.73032533695445,0.0191661263571076,0.0656408510531005,-3.34342328070221,"Q8BTI8_S1339","Srrm2_S1339"
-1.3585481652464,19.0406723655538,-2.7251294724231,0.0193468684788852,0.0660440331135886,-3.35225546775945,"Q5U4C3_S912","Scaf1_S912"
-2.21593744447297,21.6638764975474,-2.71500035381498,0.0197040844668889,0.067045066627596,-3.36946535144651,"O70318;Q80UE5_S86","Epb41l2;Epb4.1l2_S86"
-6.02205456136056,22.5217212407647,-2.70892046860205,0.0199216269545295,0.0675659063053298,-3.37979015097006,"A0A0G2JGQ6;Q8CCN4;Q9JLM8_S347","Dclk1_S347"
2.51633934516559,21.8275700093603,2.69744858561236,0.0203385910015192,0.0687575592567489,-3.39926064407092,"Q8K019-2_T398","Bclaf1_T398"
-3.55329320343973,22.6883239126371,-2.69003211637985,0.0206127358824467,0.0692778003778457,-3.41184037076553,"G3UYR9_T376","Gigyf2_T376"
2.83621976255689,21.8303050239655,2.68905411840382,0.0206491584694377,0.0692778003778457,-3.41349877632902,"B1AZM2_S384","Gm15091_S384"
-2.32945772160869,20.3256767157878,-2.68793824702019,0.0206907934334596,0.0692778003778457,-3.4153908430864,"P19426_S51","Nelfe_S51"
-3.43344177339337,21.5177466130235,-2.68423036546149,0.0208297372237658,0.0695209064028872,-3.42167689008527,"Q99P72_S489","Rtn4_S489"
-4.93581051767727,20.6146596966007,-2.67552834180259,0.021159455027397,0.0703971710117843,-3.4364233748762,"B1AU41_S257","Adra1b_S257"
-1.89767745107778,19.9646168158886,-2.67360846260579,0.0212328900473633,0.0704179391444202,-3.43967561948863,"P14873_T1945","Map1b_T1945"
-1.4326821239002,19.2105675719379,-2.66902295213005,0.0214093048052013,0.0706257567705462,-3.44744163828075,"E9Q6J5-2_S795","Bod1l_S795"
-1.48467699399121,19.1606679615251,-2.66593190434133,0.0215290399146214,0.0706257567705462,-3.45267522305031,"F8WHU5_S1166","Pds5b_S1166"
-2.47642336471005,20.4452661163308,-2.66557158989565,0.0215430400290619,0.0706257567705462,-3.45328521229983,"Q7TSC1_S342","Prrc2a_S342"
-1.97522258455976,20.7660361526628,-2.66500388544472,0.0215651165711592,0.0706257567705462,-3.45424626786873,"S4R248;S4R203_S238","Arhgap12_S238"
-1.62954445117499,19.7646274587647,-2.66119466824851,0.0217138256397289,0.0708912438331337,-3.46069381025876,"P05213;P68369;P68373_T334","Tuba1b;Tuba1a;Tuba3a;Tuba1c_T334"
-3.25468847715375,21.0865491992361,-2.65476113142262,0.0219672869951277,0.0714797974458932,-3.47157931038895,"H9KV00;Q9QX47-2_S1723","Son_S1723"
-1.10519718458748,19.6293384020381,-2.6531677682497,0.0220305100906713,0.0714797974458932,-3.47427448494038,"E9QKI4;Q9D1F4_T247","Akt1s1_T247"
-1.74161098879269,19.2419554084813,-2.64626527319718,0.0223064729726912,0.0720681878000786,-3.48594641801167,"Q9D0E1-2_S578","Hnrnpm_S578"
-1.47027578710708,19.5942455859064,-2.64519937844059,0.0223493903005969,0.0720681878000786,-3.48774828620274,"Q8BYR2_S463","Lats1_S463"
-1.54958948939083,19.4356212825263,-2.6429686488525,0.0224394722708809,0.0721367084045497,-3.49151881488534,"Q9QY06_S1325","Myo9b_S1325"
-1.85265368306843,20.3782921893149,-2.63621143174077,0.0227145333487252,0.0727976481634986,-3.50293646014003,"F7DBB3_S1277","Ahnak2_S1277"
-2.31949762480246,20.0299152792026,-2.63205286798443,0.0228854613459775,0.0729018634761976,-3.50996025971137,"Q9EST3-2_S539","Eif4enif1_S539"
-2.45253222709274,21.3008115460707,-2.63203553053015,0.0228861766065544,0.0729018634761976,-3.50998953793094,"A0A338P6W1_S1367","Rbbp6_S1367"
-1.33652321392795,27.025924347765,-2.61706841750891,0.0235119310769137,0.0746681932381987,-3.53525019683855,"E9Q616_S116","Ahnak_S116"
-3.09290981404041,20.1083643026498,-2.61173218783867,0.0237390787114665,0.0751617960411385,-3.54424917935322,"P58871_S429","Tnks1bp1_S429"
-1.76412258480485,19.9308623436971,-2.60551609961478,0.0240064018987031,0.0757792445477135,-3.55472707974406,"Q6NZL0_S779","Soga3_S779"
-3.94723635417682,21.7283689109078,-2.59976490180211,0.0242563672312974,0.0762616601933367,-3.56441663092096,"Q8BTI8_S1269","Srrm2_S1269"
-2.22503210301744,21.9071752652277,-2.59865808419313,0.0243047657486398,0.0762616601933367,-3.56628085838293,"Q3UHJ0_T618","Aak1_T618"
-2.66501162688746,19.9010335098654,-2.58928826283699,0.0247183057149802,0.077327714594923,-3.58205569177305,"E9PVC5_S1181","Eif4g1_S1181"
-1.38782630960234,19.3126572699512,-2.57680670789438,0.0252799327751407,0.0787733449053113,-3.60304995088924,"A0A0J9YTU3_S111","Specc1_S111"
-1.90822926995175,19.7344158990153,-2.57569099499439,0.0253307416346278,0.0787733449053113,-3.60492550776287,"A2A9P6_S13","Cdk11b_S13"
-1.080719674567,19.2107982743141,-2.55711801394229,0.0261914045160882,0.0812088518723682,-3.63612037159374,"Q7TNE3_S114","Spag7_S114"
-2.26131986405847,20.4402691053916,-2.54620738878571,0.0267102944164191,0.0825734175469241,-3.654421391611,"Q8K3W3_S263","Casc3_S263"
-2.66992641007831,20.1830360265636,-2.53752838912297,0.0271302294226292,0.0836249424556335,-3.66896601763369,"Q9CY58;Q9CY58-2_S329","Serbp1_S329"
-2.28437408857353,19.8754290566806,-2.53478805323859,0.0272641584324465,0.0837913138920938,-3.67355592804301,"Q8BGD9_S459","Eif4b_S459"
-3.47705978317391,21.4276032977988,-2.52931319744376,0.0275336723183305,0.0842764500011209,-3.68272243637251,"A0A0N4SUJ0;Q6PGL7_S747","Fam21_S747"
-0.943073729931644,19.4748941469643,-2.52831995518951,0.0275828457541837,0.0842764500011209,-3.68438490102363,"Q3UGS4_S21","Fam195b_S21"
-1.78513983411481,19.6591403889112,-2.51827745279081,0.0280848785612854,0.0855609091053112,-3.70118485118951,"Q7TSG2_S502","Ctdp1_S502"
-1.68935421050999,22.8392464199133,-2.51282597223859,0.0283611313792244,0.0861520744505135,-3.71029766120459,"O88532_S1054","Zfr_S1054"
-2.74887541670522,20.3613730623771,-2.50686661149846,0.0286661584679233,0.0868269770935941,-3.72025383272748,"Q9R0L6-2_S1805","Pcm1_S1805"
-1.30541882234386,22.7417600672416,-2.50476414970217,0.0287745347245261,0.0869040702919405,-3.72376495579521,"Q9WUD1_S20","Stub1_S20"
-3.00062827175212,22.196830179036,-2.49165085380992,0.0294595732016383,0.0886030845462413,-3.74564737895036,"Q9JLV1_S179","Bag3_S179"
-3.51840885133772,25.7723464848147,-2.49076953205861,0.0295061798727464,0.0886030845462413,-3.74711700619772,"E9PYB0_S286","Ahnak2_S286"
-0.725011092160951,18.678190801914,-2.4874378579825,0.0296830185079505,0.0888794382752348,-3.75267145026737,"Q3UMU9-4_S401","Hdgfrp2_S401"
-2.27170993882226,20.3441681849079,-2.47167035836147,0.0305340399595683,0.0911560313323784,-3.77893216092691,"A0A0N4SV80_S1099","Znf638;Zfml_S1099"
-1.74821483167915,19.5411167920649,-2.47015093354098,0.0306172929666004,0.0911560313323784,-3.78146043614825,"O88477_S181","Igf2bp1_S181"
-3.65008090000305,21.351697722303,-2.46467842637389,0.0309189809992637,0.0917934620034797,-3.79056308892854,"P14873_S1384","Map1b_S1384"
-4.23849711517531,22.5668359444827,-2.45671149241805,0.0313633609250357,0.0928497238684671,-3.80380515109472,"E9Q616_S5623","Ahnak_S5623"
-1.88088132780611,19.920614646942,-2.45485211804552,0.031467964310171,0.0928969763297442,-3.80689400275068,"Q8BTI8_S533","Srrm2_S533"
-1.63234933104179,20.1138797389404,-2.45176412189726,0.0316424369893884,0.0931496459687613,-3.81202247610926,"A0A0R4J0X8_S7","Arhgef7_S7"
-1.73763225340416,21.0898373737473,-2.44482098965136,0.0320381687034435,0.0940504224123496,-3.8235470273123,"F2Z3U3_S899","Raph1_S899"
-1.57442276672181,19.8913500040373,-2.44268657226886,0.0321607862775976,0.0941466592707327,-3.82708803252773,"D3Z5N5_S318","Pikfyve_S318"
1.10204426090367,23.6340484953221,2.43844386540252,0.0324058763159088,0.0945998840642686,-3.83412415613206,"F8VPU2_S892","Farp1_S892"
-1.86762291704339,19.7375728147261,-2.42914059821226,0.0329496704880957,0.0959186853430284,-3.84954079454955,"Q69ZA1-2_T871","Cdk13_T871"
1.03102046940455,25.7069949098507,2.42759797622584,0.0330406921840012,0.0959186853430284,-3.85209550667012,"Q3UHX2_S63","Pdap1_S63"
-1.67952786635657,19.5741234666032,-2.42249200520683,0.0333437120486426,0.0964639530004117,-3.86054815140662,"Q3T9T1_S200","Tmcc2;Tmcc3_S200"
-2.38569346664726,24.8479818942294,-2.42054317499218,0.0334600774105786,0.0964639530004117,-3.86377299663629,"A0A0G2JGQ6;Q8CCN4;Q9JLM8_S742","Dclk1_S742"
-1.32904309083691,24.7403665055044,-2.41979834588732,0.0335046554314407,0.0964639530004117,-3.86500531435008,"B2RQC6_S1859","Cad_S1859"
-1.50154821179327,18.9306569553375,-2.41521169556528,0.0337804390214542,0.0969915071081754,-3.87259152468802,"E9QAS4_S1550","Chd4_S1550"
-1.17061646369433,21.8985952371305,-2.40754111638674,0.0342465783385218,0.0979731756373814,-3.88526922324858,"Q3UID0_S283","Smarcc2_S283"
-2.76555528248863,21.4087761899623,-2.40487058694768,0.0344103245352154,0.0979731756373814,-3.88968025093607,"Q9ESK9_S222","Rb1cc1_S222"
-1.27089527467775,19.3206210465778,-2.40483856319068,0.034412292700891,0.0979731756373814,-3.88973313730344,"Z4YJT3_T747","Larp1_T747"
-1.69631277173328,19.4208297178287,-2.40347366282036,0.0344962803532383,0.0979731756373814,-3.89198704248906,"P70288_S394","Hdac2_S394"
-0.983417754905926,24.7087719571601,-2.39875104124512,0.0347884169998542,0.0985358405833708,-3.89978277706979,"Q8K019-2_S393","Bclaf1_S393"
-2.09038738709132,22.8293386964307,-2.39634982143981,0.034937871697269,0.0986924246327167,-3.90374479729684,"Q9Z1T1_S276","Ap3b1_S276"
2.30813202087579,25.1642559073792,2.39204367477616,0.0352074500972368,0.0991865798438284,-3.9108470205771,"A0A0G2JGQ6;Q80VB6;Q8CCN4;Q9JLM8_S334","Dclk1_S334"
-0.712738217651154,25.8615269030424,-2.38564741022758,0.0356115969160369,0.100056175785541,-3.9213895219121,"E9Q616_S4890","Ahnak_S4890"
-1.77445977404965,20.210369303262,-2.38091170538476,0.03591371021745,0.100419778347678,-3.92918960644504,"Q8BTI8_S2618","Srrm2_S2618"
-2.64896431592146,20.8839659065384,-2.38061610928881,0.0359326496950182,0.100419778347678,-3.92967632253963,"B1AZM2_S19","Gm15091_S19"
-3.06904302936676,21.1135553398148,-2.36429282031708,0.036993642341955,0.103109939293534,-3.95652509065079,"Q60902-2_S255","Eps15l1_S255"
2.26235444621075,20.4368823599571,2.36069387073047,0.0372316097163362,0.103413046571805,-3.96243708460466,"Q3UZ39_S302","Lrrfip1_S302"
-1.38728385829915,21.6689779599552,-2.3596675196217,0.0372997438970823,0.103413046571805,-3.96412256210144,"A0A0G2JFW6_S309","Rprd2_S309"
-4.25880808050755,20.7856597497429,-2.35810489797862,0.0374037095714617,0.103427671849319,-3.96668826953799,"myc-BioID_S7","_S7"
2.24375630405332,23.2034112308859,2.35430714467175,0.037657552471444,0.103855565763351,-3.97292169670281,"A2ARP8_S2027","Map1a_S2027"
-2.42596263990396,21.9450905917716,-2.35183417105143,0.0378237397698296,0.104040103093914,-3.97697902025846,"E9PYB0_S252","Ahnak2_S252"
-1.6087057353485,21.1321234085809,-2.34717902629251,0.0381384939404916,0.104489941428999,-3.98461293828017,"F8WHU5_S1359","Pds5b_S1359"
1.60358742318812,20.1687033843604,2.34646954114167,0.0381866866100255,0.104489941428999,-3.98577599790966,"Q3UHU5-3_S768","Mtcl1_S768"
-1.1413262194407,19.5280512086225,-2.34091104656347,0.0385662921977893,0.105065787198474,-3.99488420527381,"G3UWG2_S231","Tiam1_S231"
3.22995136952447,23.7186446226224,2.34045436862313,0.0385976412895157,0.105065787198474,-3.99563221888296,"Q8BTI8_S438","Srrm2_S438"
-2.398964263248,21.8004978400791,-2.33630150490561,0.0388838481852823,0.105570655176621,-4.00243225645175,"P46935_S309","Nedd4_S309"
-1.06884057528635,18.9383835602659,-2.33204592998926,0.0391792550607485,0.105760143507376,-4.00939648228061,"Q8CJF7_S1080","Ahctf1_S1080"
-2.22197632398467,23.7555030161959,-2.331931228841,0.0391872470563285,0.105760143507376,-4.00958413389793,"P47713_S437","Pla2g4a_S437"
-1.52536163375247,20.7090017031417,-2.33093984111473,0.0392563891453906,0.105760143507376,-4.01120592558474,"P14873_S1422","Map1b_S1422"
0.937479604312983,24.80797069879,2.32257048541697,0.0398447922597802,0.107070108431409,-4.02488833860279,"A2ADW8;Q62012;B1AV09_S384","Gm15128;Gm15097;Gm15093;Gm15114;Ott;Gm15107;Gm15080;Luzp4_S384"
-2.38935848541848,21.1318648381699,-2.31854471103849,0.0401308376152779,0.107562961178545,-4.03146408954742,"Q9ERU9_T2130","Ranbp2_T2130"
-1.33532898475641,18.916740278716,-2.31423388401311,0.0404393275608201,0.10801705764435,-4.03850132596177,"E9Q3Z5_S241","Svil_S241"
-1.7694216204972,19.2161929945432,-2.31231736031737,0.0405772085562397,0.10801705764435,-4.04162859057171,"A0A494B9F0_S385","Nedd4l_S385"
-1.89688129816102,20.6080173768941,-2.31161498956042,0.0406278525371176,0.10801705764435,-4.04277446276716,"A2ARP8_S1219","Map1a_S1219"
-1.17216231561532,19.2877151628413,-2.31044241071384,0.0407125360396166,0.10801705764435,-4.04468719394051,"A0A3B2WBH9;A0A3B2WCN9_S418","Tjp2_S418"
-2.17516722958506,19.6587273246241,-2.29677101002714,0.0417124894407209,0.110390628620898,-4.06696450584382,"Q5SUH7_S299","Clint1_S299"
-1.5113157173011,19.6622039482218,-2.2937902523581,0.0419336198816589,0.110595987700285,-4.07181574633606,"Q80TH2-1_S869","Erbb2ip_S869"
-1.58017126148687,19.2084968291397,-2.29288300599471,0.0420011480006808,0.110595987700285,-4.07329188768188,"Q80XK6_S379","Atg2b_S379"
1.20398399884325,19.2259601443529,2.28646116579442,0.0424821315369511,0.111354950833869,-4.08373495915477,"E9Q784_S207","Zc3h13_S207"
-1.07514629630708,19.4875991224869,-2.28440293742017,0.0426374043463501,0.111354950833869,-4.08707991358827,"Q8BGC0_S621","Htatsf1_S621"
-2.17025530664542,20.2096382240087,-2.28397949313824,0.042669416460786,0.111354950833869,-4.08776795234511,"E9Q616_S5525","Ahnak_S5525"
-1.43248450313526,19.3560936914209,-2.28338499460808,0.0427143990794039,0.111354950833869,-4.08873385762512,"D3Z3H4_S284","Cgnl1_S284"
-1.25001587504713,20.0611995697706,-2.28161965588733,0.0428482413588549,0.111426692168933,-4.09160156924462,"Q80VI1_S376","Trim56_S376"
-2.23846795178821,24.0639707181619,-2.26546429018352,0.0440919100604067,0.114377034018085,-4.11780987029004,"A0A5H1ZRL7_S552","Tp53bp1;Trp53bp1_S552"
-2.00423864520785,21.2073335379566,-2.26104792334143,0.0444378638646638,0.114989830444858,-4.12496317839413,"Q811P8_S706","Arhgap32_S706"
-1.15560393575579,19.4928360123891,-2.25703563737017,0.044754415955833,0.115418381861391,-4.13145776182652,"A0A1B0GS41_S548","_S548"
-2.6028735312709,21.1586658157913,-2.25500733966962,0.044915260059977,0.115418381861391,-4.13473937675623,"Q8JZQ9_S123","Eif3b_S123"
-1.64124391685077,19.5440240418457,-2.25477306239998,0.0449338738544346,0.115418381861391,-4.13511835091404,"Q7TPM9_S603","Mtmr10_S603"
2.33871107679736,19.7382602990086,2.25005114776679,0.0453106165042002,0.115468428441817,-4.14275370952644,"Q61687_S1339","Atrx_S1339"
-1.83142586698111,19.8747270391089,-2.24864030745923,0.0454237667845547,0.115468428441817,-4.14503394865883,"P30999_S349","Ctnnd1_S349"
-3.25455094904356,22.5291722405495,-2.24769547430295,0.0454996940200555,0.115468428441817,-4.14656073114904,"E9Q7G0;F6ZQA3_S1739","Numa1_S1739"
-1.15927511694725,19.4057715165025,-2.24768968935547,0.0455001592747372,0.115468428441817,-4.14657007850849,"Q6QI06_S21","Rictor_S21"
-2.49529968801521,22.0354622916504,-2.24686174627946,0.0455667935728144,0.115468428441817,-4.14790778690339,"Q569Z6_S253","Thrap3_S253"
-2.43785153917056,21.8452944618794,-2.24627048474888,0.045614436426443,0.115468428441817,-4.14886298173141,"P09405_S157","Ncl_S157"
-2.9767149507116,20.8739710751252,-2.24352716244596,0.0458361124719665,0.115749990049689,-4.15329370526448,"E9Q9C3_S655","Mllt4_S655"
-2.76068298205567,22.7234047628071,-2.24088975357429,0.0460502007149594,0.115761338230678,-4.15755155076446,"B1AZ14;Q3UMF0_S514","Cobll1_S514"
-2.22750320172089,22.4810770665915,-2.23958111935782,0.046156781782884,0.115761338230678,-4.15966355250984,"Q8C0T5_S1564","Sipa1l1_S1564"
-1.29895036127677,19.5565958540542,-2.23939469559333,0.0461719841416255,0.115761338230678,-4.15996438550715,"Q8K019-2_S521","Bclaf1_S521"
-1.17947639272481,19.45982629216,-2.23641381841321,0.0464157174458348,0.11609468229889,-4.16477342428796,"Q8C845_S74","Efhd2_S74"
-1.81672526283949,19.7480040287641,-2.23007588205161,0.0469380333168397,0.117121568847733,-4.17499073997945,"E9Q411_S472","Nbas_S472"
-2.72224417124887,20.2121656370813,-2.22179130976349,0.0476292382470121,0.118563994496125,-4.18833037413345,"Q8BTI8_S2642","Srrm2_S2642"
-1.36613225596813,19.8955154310432,-2.20577011793707,0.0489935635795106,0.121671219505514,-4.21407571881646,"Q61216_S2","Mre11a_S2"
-2.30648631134174,20.5922681384049,-2.20012595350283,0.0494830151450419,0.122414004024461,-4.22312920423274,"E9Q3Z5_S743","Svil_S743"
-1.08393487813609,24.1590709943649,-2.19962964078516,0.0495262764373775,0.122414004024461,-4.22392489761222,"Q8K1N2_S465","Phldb2_S465"
-3.72942968656989,21.6442167429415,-2.19788433002962,0.0496786932007952,0.12250181288102,-4.22672246364499,"A2ADW8;Q62012;B1AV09_S19","Gm15128;Gm15097;Gm15093;Gm15114;Ott;Gm15107;Gm15080;Luzp4_S19"
-2.79666514323284,21.8490988958974,-2.19449533756758,0.0499759273965157,0.122945473970771,-4.23215231675923,"Q569Z6_S248","Thrap3_S248"
-2.4244981275451,20.3239541384613,-2.17881066569025,0.0513737282685527,0.126088213642724,-4.25724107919903,"Q9ER42_Y166","Barx1_Y166"
-2.61559711686037,21.6464695792835,-2.17054801713582,0.0521249462751069,0.127498433152968,-4.27043015096919,"P51125-3;Q8CE80_S185","Cast_S185"
-2.94067092424085,22.8882533689315,-2.16982003952428,0.0521916296017399,0.127498433152968,-4.27159124521542,"Q8BTI8_S829","Srrm2_S829"
-1.15331632223745,19.883867867665,-2.16431738883349,0.0526983017365089,0.12843679120898,-4.28036287400159,"G3X9A3_S439","Zbtb21_S439"
-2.07015780562058,20.7629754234603,-2.15851581826471,0.0532375487590763,0.129450002551072,-4.28960163371395,"E9Q5F9-2_S614","Setd2_S614"
-1.65137689863953,19.5881147442514,-2.1434683077586,0.0546606687168522,0.13260273336866,-4.31351882338693,"B2RUG9_S1040","Apc_S1040"
-2.07558881538083,22.8400226546923,-2.13831025142172,0.0551567278743611,0.133497115040024,-4.32170203362843,"P20152_S73","Vim_S73"
2.43919618734101,20.2828659813273,2.13161823898175,0.0558066590147923,0.134750527206499,-4.33230712188361,"Q80YS6_S669","Afap1_S669"
-1.21464296767557,19.703786199791,-2.13033865018788,0.0559317550904836,0.134750527206499,-4.33433341785756,"E9Q616_S5555","Ahnak_S5555"
-1.10560900924752,19.5855498793174,-2.12484946626398,0.0564714058517476,0.135738608561081,-4.34302026932143,"A0A338P697_S409","Yeats2_S409"
-3.01082646807545,20.9152284247951,-2.1172449032272,0.0572271546190487,0.136929745630259,-4.35503980170948,"Q9Z1Z0_S940","Uso1_S940"
-1.58624221413315,19.6096348634963,-2.11723373466646,0.0572282715515776,0.136929745630259,-4.35505744150695,"Q80WT5-2_S151","Aftph_S151"
-1.61145478504432,19.9157395937361,-2.10889171042616,0.0580683020405375,0.138328062078745,-4.36822234186566,"Q9ESK9_S257","Rb1cc1_S257"
-4.16339875404277,23.0304626321799,-2.10794243159745,0.0581646268598671,0.138328062078745,-4.36971908907047,"O35691_S346","Pnn_S346"
-1.49432321686684,19.8388607895756,-2.10750898254644,0.0582086597106169,0.138328062078745,-4.3704024248925,"Z4YJT3_S743","Larp1_S743"
-2.22158508620849,19.2999899583503,-2.10097863930974,0.0588758739057503,0.139597094690557,-4.38069055061692,"A2A9M5_S898","Dock7_S898"
-1.4108887224425,19.5868246606999,-2.0815606483611,0.0609026474413152,0.144076691915346,-4.41120376214962,"Q8CI71-2_S559","Ccdc132_S559"
-2.51965189994916,19.785431561776,-2.07336572866468,0.0617775425449292,0.145814141705594,-4.42404538077867,"Q5SNZ0-2_S1794","Ccdc88a_S1794"
-3.25657782847063,22.4317489772991,-2.07208481875497,0.0619153559723182,0.145814141705594,-4.42605065206636,"O70318;Q80UE5_S38","Epb41l2;Epb4.1l2_S38"
-3.67666761365644,20.2747238291018,-2.06737725741586,0.0624243283823967,0.146683175212448,-4.43341582610363,"E9PYB0;F7CVJ5;F7DBB3_S228","Ahnak2_S228"
-1.1706619888764,19.9499971939064,-2.05395510881707,0.063897149643686,0.149808082386091,-4.45437584453767,"P61979-2_S284","Hnrnpk_S284"
-2.96317648291128,20.973384815751,-2.04923337217249,0.0644229714471696,0.150512843214926,-4.46173527327235,"F6RJ39;Q9JIX8-4_S349","Acin1_S349"
-1.69337218838978,20.028283348968,-2.04835044692095,0.0645217446166871,0.150512843214926,-4.46311060807882,"Q569Z6_S379","Thrap3_S379"
-1.45703594923011,19.8887167090597,-2.04739664364189,0.064628606342287,0.150512843214926,-4.46459605982767,"P30999_S352","Ctnnd1_S352"
2.28430670724604,21.2851543984808,2.04507656407396,0.0648892347163134,0.150784740538129,-4.46820808896799,"Q8BTI8_T1836","Srrm2_T1836"
-2.06821271847968,20.9469347350583,-2.04290595952452,0.0651339625918283,0.150847555969612,-4.47158578761143,"Q8K019-2_S527","Bclaf1_S527"
-2.87901221744136,21.1883951028215,-2.0405722317068,0.0653980458799117,0.150847555969612,-4.47521557268109,"Q7TSC1_S350","Prrc2a_S350"
-0.97623964301868,19.5273138360727,-2.0403593692667,0.0654221830831397,0.150847555969612,-4.4755465597591,"Q3V1V3_S156","Esf1_S156"
-1.51990681224215,19.7596556711836,-2.03974389308106,0.0654920209600891,0.150847555969612,-4.47650349949552,"E9Q616_S5376","Ahnak_S5376"
2.53280557029627,23.0884910662921,2.03564153404825,0.0659592995026529,0.151590670786799,-4.48287858871992,"A0A140T8T5;P27546;P27546-2_S785","Map4_S785"
1.21034425506145,20.3518732496165,2.03081828513713,0.0665126795135111,0.151780301708258,-4.49036670815979,"A0A0R4J260_S1015","Otud4_S1015"
-2.4187365560177,20.7406041583279,-2.0297623534055,0.0666344063000998,0.151780301708258,-4.49200500002367,"A2AQD6_S90","Ssfa2_S90"
-1.60307397419896,19.5397748870174,-2.02965392713075,0.0666469173596881,0.151780301708258,-4.49217320344636,"Q6PDL0_S194","Dync1li2_S194"
-1.01565539235293,19.0448243434238,-2.02893052698712,0.0667304450610011,0.151780301708258,-4.49329532383981,"Q63918_S293","Sdpr_S293"
-1.2093710710363,19.640142063448,-2.02862326039612,0.0667659533277736,0.151780301708258,-4.49377189452827,"P39447_S912","Tjp1_S912"
-1.02025893081842,19.2560539369535,-2.02592804440107,0.0670781749140289,0.152160015822299,-4.49795080363838,"E9Q616_S3090","Ahnak_S3090"
-2.20537508960014,19.3960570853853,-2.02301067199723,0.0674176690573222,0.152599821105991,-4.50247138027205,"F2Z3U3_S5","Raph1_S5"
1.85014781754476,20.1242556010397,2.01381209168364,0.0684986419106963,0.15471244983278,-4.51670585991537,"A0A0A0MQ98_S1964","Jmjd1c_S1964"
-0.948741006865259,19.2833129155386,-2.00514115233621,0.069532397208247,0.156709574783318,-4.53009711478298,"Q8BKC8-2_S277","Pi4kb_S277"
-3.57473547868849,23.6805286747923,-1.99923032609449,0.070245406289273,0.157976793543258,-4.53921069467436,"P46935_T287","Nedd4_T287"
-1.22406998887718,20.9345331605178,-1.99081116519628,0.071272753829511,0.159943995745883,-4.55217054987471,"B2RQC6_S1406","Cad_S1406"
-1.45939654273043,19.6573005601085,-1.98635101889569,0.0718226521831802,0.160833631384557,-4.55902601814757,"Q8BGU5-2_S301","Ccny_S301"
-2.27562899713575,21.1171740534058,-1.982308703976,0.0723244415989332,0.161611971845804,-4.56523313833934,"A2A9M5_S1422","Dock7_S1422"
-1.67992523549914,21.2168157687263,-1.9799387470139,0.0726201477286277,0.161927478339578,-4.56886957513285,"A0A494B9K4_S675","Add3_S675"
-1.48889189851998,19.6305275022028,-1.97007418149092,0.0738630853923845,0.164139998241344,-4.58398394285123,"Q569Z6_S695","Thrap3_S695"
-2.25395179443258,22.3643514897467,-1.96958173773728,0.0739256480628954,0.164139998241344,-4.5847375369759,"B1AZ14;Q3UMF0_S961","Cobll1_S961"
-1.00896264455542,19.3377312287989,-1.96333102773289,0.0747240563950117,0.165561968503113,-4.59429542318701,"A2ACM0_S722","Rptor_S722"
1.2258452201464,20.1819887683509,1.95091319702622,0.0763339666145904,0.168652785804624,-4.61324088795611,"Q64337-2_T272","Sqstm1_T272"
-1.3212658406406,23.0913973070711,-1.95009692490689,0.0764409095965616,0.168652785804624,-4.61448425204715,"E9PYB0_S326","Ahnak2_S326"
-3.80401068026049,22.8302056300896,-1.94487523921119,0.0771283108652114,0.169811911316684,-4.62243217917742,"Q9ERG0_S360","Lima1_S360"
-2.04234688341096,20.1047073057679,-1.93784832054639,0.078062387435151,0.171508138431946,-4.63311176925637,"G3X928_S748","Sec23ip_S748"
-3.24574132354752,22.0335611890957,-1.93587166459998,0.078327019548962,0.171729532400235,-4.63611257019907,"A0A3B2WBH9;A0A3B2WCN9_S130","Tjp2_S130"
-2.28298292423206,22.4754227419673,-1.93375851111392,0.0786108424991323,0.171991989434427,-4.63931896065775,"P11499_S226","Hsp90ab1_S226"
-1.26993816312796,19.8050215107159,-1.93248271976734,0.0787826569393862,0.172008800984326,-4.64125396371414,"B1AU75_T463","Nasp_T463"
-1.25639157488494,19.5498746674097,-1.93041780712838,0.0790614797978346,0.172258691950375,-4.64438452703252,"B1AU75_S466","Nasp_S466"
-1.01810122020497,19.2821715607819,-1.92415479760592,0.0799127495138734,0.17375220226253,-4.65386980910364,"Q925J9-4_S1466","Med1_S1466"
-1.36174526002008,19.5684131786523,-1.9183662762047,0.0807070396223053,0.175115895495188,-4.66262315487397,"Q9R0L6-2_S93","Pcm1_S93"
-1.02941946736401,19.3765817822688,-1.91373891478951,0.0813472262645341,0.176140275052132,-4.66961134108147,"A2AJT4_S211","Pnisr_S211"
-1.27793481651417,21.5530354846698,-1.90315777484113,0.0828287250538241,0.17897835846682,-4.68555968115236,"Q5EBP8_S6","Hnrnpa1_S6"
-1.51898036701643,21.4675076975265,-1.89327410110522,0.0842349565648359,0.181523040652092,-4.70041723082769,"S4R1M2_S626","Safb_S626"
1.00645977097099,19.905471344345,1.89245283409207,0.084352787020581,0.181523040652092,-4.70165006167426,"Q8C0T5_S288","Sipa1l1_S288"
-0.660617329274526,26.1635829441049,-1.88943292868238,0.0847873683231233,0.182084348366052,-4.70618104424976,"E9Q616_S5512","Ahnak_S5512"
-1.1040490266605,19.3490569264859,-1.88566340209082,0.0853327094597568,0.182880735202096,-4.71183165714411,"Q8R4U7_S988","Luzp1_S988"
-1.61092232434127,20.0907334093332,-1.88121930950641,0.0859797755483198,0.183843179381127,-4.71848618555534,"Q8C3W1_S278","_S278"
-1.11168719054998,23.6887705317484,-1.88017394554726,0.0861326346146309,0.183843179381127,-4.7200503528466,"A2A8V8_S878","Srrm1_S878"
-1.96769404152463,20.5186156280633,-1.87138485240449,0.0874277159233854,0.186228142861195,-4.73318400849038,"Q9R207_S398","Nbn_S398"
-1.15562315765792,19.6574118682744,-1.86909806583618,0.0877675891865879,0.186572887358102,-4.73659607029535,"E9Q394-2_S1591","Akap13_S1591"
2.03768678637801,20.600271610218,1.86759652929224,0.0879914125288726,0.186670041154369,-4.73883532511986,"Q05D44_S191","Eif5b_S191"
-1.51687839390479,19.5828979602836,-1.86505794027771,0.0883710109794141,0.186996819580756,-4.74261906120514,"Q62418-3_S273","Dbnl_S273"
-0.815866562748919,19.2080825849685,-1.86410811615944,0.0885134243514776,0.186996819580756,-4.74403408796167,"Q811L6_S2517","Mast4_S2517"
-1.5938491410381,19.2044886663943,-1.86299396775544,0.088680743637057,0.186996819580756,-4.74569345245036,"V9GXJ4_S25","Rhox5_S25"
-1.7916865358705,19.9979633574027,-1.86018939205194,0.0891032079738661,0.187510365374722,-4.74986822135612,"Q6A0A2_S603","Larp4b_S603"
-2.03581355382731,22.1419171673866,-1.8572622063634,0.0895461043397178,0.188064764224497,-4.75422206669675,"A2A791_S121","Zmym4_S121"
-3.00629369211509,25.3829067303555,-1.85545613132546,0.0898203748783377,0.188263505744996,-4.756906636402,"Q80UU9_T205","Pgrmc2_T205"
-1.14663166812889,21.2415384734536,-1.84781661845922,0.0909890239892988,0.190332329622326,-4.76824721294411,"Q3TFK5_S258","Gpatch4_S258"
-1.3122003325383,19.7791610095027,-1.83196699629833,0.0934579965436558,0.195107530632971,-4.79169794883572,"E9Q616_S5626","Ahnak_S5626"
-1.39677309481488,19.6301579217804,-1.82746626446425,0.0941701455473465,0.196203404639402,-4.79833788868414,"D3Z5I9_S776","Rbm33_S776"
-1.80193496134046,20.072470610367,-1.82473314655315,0.0946050134411452,0.196718361282381,-4.80236587752833,"Q99M51_S85","Nck1_S85"
-1.0624714585061,19.5699200631129,-1.81429209732377,0.0962831682698757,0.199811406627386,-4.81772428724799,"A0A3Q4EBK4_S267","Bin1_S267"
-0.847044511578307,19.9376940716152,-1.80993644502271,0.0969912008331582,0.200675839682526,-4.82411748419813,"S4R2U9_S959","Arhgef40_S959"
-2.22551355268376,20.1932336226392,-1.8093757824877,0.0970826819838175,0.200675839682526,-4.8249398270697,"Q9ERA6_S96","Tfip11_S96"
-1.94345568540714,20.6940020492998,-1.80664147485855,0.0975299521398419,0.201203523312115,-4.82894838344554,"Q3UMU9-4_S313","Hdgfrp2_S313"
-1.15900045797998,22.0100273084182,-1.79788151790874,0.0989755006973346,0.203784527958363,-4.84176884042014,"A2ARP8_S1844","Map1a_S1844"
-1.20920358115294,20.4330441517506,-1.79623347265948,0.0992496188217622,0.203948236323935,-4.84417706704187,"Q3UR91_S136","Pum2_S136"
-1.68186845840895,19.8315725203852,-1.78373656048774,0.101350701817456,0.207858190811534,-4.8623995310399,"Q80ZH9;F6Z9T5;Q9DCB4_S282","R3hdm1;R3hdm2;Arpp21_S282"
-1.5303430809033,19.2852689491851,-1.78232520883016,0.101590501885006,0.207943058545872,-4.86445317220997,"A0A0N4SV80_S881","Znf638;Zfml_S881"
-2.15334318168501,20.4281084581665,-1.75961283830104,0.105520670091663,0.215284254494334,-4.89737928663938,"B1AY10-2_S147","Nfx1_S147"
-1.05304228000629,19.9661036768671,-1.7592310674985,0.105587888177565,0.215284254494334,-4.89793075418812,"Q3UNN4_S800","Smarcc1_S800"
-2.27943126263561,20.302492120646,-1.75373696886299,0.106559510977074,0.21684343204655,-4.9058596359795,"Q6A065_S463","Cep170_S463"
-1.51341465759997,21.5389314786927,-1.74986820864883,0.10724851726476,0.217822569948583,-4.91143462874241,"E9PWE8_S635","Dpysl3_S635"
-1.11192058512552,19.4208503772064,-1.74689938482016,0.107779964908875,0.218478536217603,-4.91570813999682,"Q8K327_S416","Champ1_S416"
-1.89490531594345,19.3491963436576,-1.7449489486245,0.108130399351863,0.218765750040063,-4.91851351713505,"F2Z3U3_S17","Raph1_S17"
5.02778193399814,22.4597652275313,1.74129936010534,0.108788872547352,0.219673869806599,-4.92375813561073,"A0A0G2JGQ6;Q80VB6;Q9JLM8_S310","Dclk1_S310"
-2.73167545889041,23.8505320011615,-1.73038386068001,0.110779838828871,0.22284353705203,-4.93940738304754,"Q8VCE2_S338","Gpn1_S338"
-1.27325372014841,19.3833344224167,-1.72970089682785,0.110905490123368,0.22284353705203,-4.94038468656779,"P58871_S1022","Tnks1bp1_S1022"
-1.4449555769717,21.0250714998809,-1.72920668509715,0.110996494600343,0.22284353705203,-4.94109175484417,"Q8BTI8_S2224","Srrm2_S2224"
-1.49983274580364,20.5073568037216,-1.72624956922035,0.111542420072573,0.223511388596667,-4.94532011124514,"A2A690_S1583","Tanc2_S1583"
-0.52304031420768,25.9384752464551,-1.72344653204157,0.1120621208593,0.224124241718601,-4.94932436853476,"Q8BTI8_S2648","Srrm2_S2648"
-1.05193241569521,19.7959047046658,-1.72005464718423,0.112693897542928,0.224958484999978,-4.95416488172261,"Q8R4U7_S261","Luzp1_S261"
-2.32905203570021,19.915158944349,-1.71644991427867,0.113368813222508,0.225875506192373,-4.95930320198797,"Q9ER42_S168","Barx1_S168"
-1.21687255531782,20.0731315975136,-1.70765595875488,0.115030503811759,0.22875136241883,-4.97181260033055,"E9Q3Y4_S979","Lrba_S979"
-0.816122285715753,19.1555891337114,-1.70128092943908,0.116248690600089,0.230719873864156,-4.98085802908216,"A0A2I3BPY7_S289","Rai14_S289"
-1.08214394209856,19.1255253476063,-1.70017753895819,0.116460699689063,0.230719873864156,-4.98242163566279,"A0A0U1RPK1_S134","Emsy_S134"
-2.00059507608345,20.037501926424,-1.69824036853666,0.116833748714095,0.230721188931568,-4.98516537044955,"O35691_S66","Pnn_S66"
-1.61734010585157,19.4683334007477,-1.69785591663325,0.116907910877432,0.230721188931568,-4.98570967886852,"E9PUU4_S1414","Gemin5_S1414"
-1.38335887036083,20.9200469066647,-1.69595988116935,0.11727427749004,0.230721188931568,-4.98839305142707,"Q9QXS1;Q9QXS1-13;Q9QXS1-3_S1443","Plec_S1443"
-0.740396013609782,19.5342992249047,-1.69448977309746,0.117559047404733,0.230721188931568,-4.99047243507187,"Q9R0L6-2_S1894","Pcm1_S1894"
-2.14641983225065,21.1822339232262,-1.69447386371985,0.117562132528108,0.230721188931568,-4.99049493226812,"P97379-2_T227","G3bp2_T227"
-1.88534849473414,20.7060278856382,-1.69132204618821,0.11817475359389,0.231489984610088,-4.99494945339786,"H3BIW0_S45","Zc3h18_S45"
-1.40089447863988,19.7469216345926,-1.67135597946041,0.122122029581329,0.23838755540613,-5.02305546772154,"A0A1L1ST22_S241","Clasp2_S241"
-1.37998372155751,20.0583419963643,-1.67121219660414,0.1221508752415,0.23838755540613,-5.02325716011951,"E9Q4Q2_S80","Sf1_S80"
-1.21051816883359,20.4526458735814,-1.66738992747393,0.122919918228441,0.239442517292576,-5.02861512907761,"B7FAU9_S1084","Flna_S1084"
-1.47001915579359,20.5742325546714,-1.66370013425145,0.123666379049382,0.24044965722403,-5.03378053168087,"O08648-2_S1189","Map3k4_S1189"
-2.7956857363385,20.6943158562188,-1.65549257796549,0.125341230350782,0.243254832236332,-5.0452461249729,"B1AZ14;Q3UMF0_S864","Cobll1_S864"
-0.794506199194348,20.7426212036346,-1.65312639731807,0.125827794019066,0.24374774146392,-5.0485453212408,"Q69Z38_S282","Peak1_S282"
1.08312644743444,22.7931495615033,1.64724443163646,0.127044565673674,0.245559816363405,-5.05673443490321,"A0A140T8T5;P27546;P27546-2_S901","Map4_S901"
-0.81260790153242,21.655001401206,-1.64498473888422,0.127514775593437,0.245559816363405,-5.05987583546596,"P81122_S303","Irs2_S303"
-0.707831562413205,19.4045685834064,-1.64438179420878,0.12764049945931,0.245559816363405,-5.06071360655329,"Q8BYR2_S612","Lats1_S612"
-1.10235826373629,19.5655766784733,-1.64347090290181,0.127830642977414,0.245559816363405,-5.06197891017648,"Q8CI75_S864","Dis3l2_S864"
0.601571424804131,24.2984046369082,1.64267341692482,0.12799731916217,0.245559816363405,-5.06308633950737,"Q6P4T2_S225","Snrnp200_S225"
-1.27002605545927,19.4506931960865,-1.64185245376243,0.128169102624792,0.245559816363405,-5.06422603384596,"Q9D281_T186","Fam114a1_T186"
-1.10223974189884,19.2887530628586,-1.64059154326637,0.128433339943856,0.245617044272192,-5.06597581531777,"P14873_S934","Map1b_S934"
-0.958628743231856,19.3653000780474,-1.63387997983108,0.129847927964001,0.247869997279186,-5.07527593392317,"F8VQ05_S1979","Fryl_S1979"
1.64564892731828,19.9797563069133,1.62363018191383,0.13203477908478,0.251586269965181,-5.08943449415891,"A0A0A6YXK7;Q6A065_S1188","Cep170_S1188"
-2.83853570874628,24.5684676492632,-1.61846995159507,0.133147964947959,0.25324694603532,-5.0965421174968,"Q8BTI8_S1305","Srrm2_S1305"
-2.25104689701324,20.1457947584671,-1.60702927261513,0.135645461336325,0.257529788913892,-5.11225107286102,"A0A0N4SW73_S693","_S693"
0.917436327428355,22.1317190022204,1.60516683246313,0.136055900060258,0.257841922718174,-5.11480188852041,"Q8C0T5_S1412","Sipa1l1_S1412"
-1.24101661080969,20.5462496846792,-1.60307642189093,0.136517875282773,0.258250421112539,-5.11766276980502,"A0A087WQF1_S600","Clasp1_S600"
-1.68740884485104,21.7420308625349,-1.59656008573287,0.137966803887563,0.260175789946988,-5.12656611853547,"Q9CWU4_S156","_S156"
-1.24278915618973,20.1065970432593,-1.59626742026845,0.138032193903173,0.260175789946988,-5.1269654658385,"Q9ESL4_S638","Zak_S638"
0.798793988866482,19.2975098677997,1.58769622792815,0.139959317091364,0.26333458583797,-5.13864090454622,"H3BJL7_S92","Cux1_S92"
0.736003080792898,19.1227993249406,1.58249652121206,0.141139833458551,0.264991295700779,-5.14570477056317,"A2A7B5_S638","Prdm2_S638"
-2.52297948637658,21.6206959579957,-1.58159431959622,0.141345547993068,0.264991295700779,-5.14692895338367,"P97434;Q5SWZ5_S976","Mprip_S976"
-1.86149184893597,24.3286964744544,-1.57622271978488,0.142575773954807,0.266820376972567,-5.15420856641623,"Q3UHX2_S60","Pdap1_S60"
-2.83367596837678,21.1135488711732,-1.56170364745167,0.145947816887487,0.272480961541834,-5.17380707314362,"Q7TPV4_S585","Mybbp1a_S585"
-2.23630743847772,21.3531731354726,-1.56096794383723,0.146120515635984,0.272480961541834,-5.17479711822873,"Q569Z6_S679","Thrap3_S679"
-0.885003176271692,20.0711982073956,-1.55672828785623,0.147119196400797,0.273855981932567,-5.18049672563303,"E9PYH6_T931","Setd1a_T931"
0.73251575412208,23.5794168929497,1.55335600058628,0.147917791477213,0.274854335936382,-5.18502326912006,"Q8CH25-2_S271","Sltm_S271"
0.711285848743032,19.1358110173559,1.5458637476539,0.14970551706103,0.277262810404333,-5.19505761824868,"P59325_S10","Eif5_S10"
-2.09307266753431,20.1861580174647,-1.54570714629588,0.149743082718371,0.277262810404333,-5.19526702431249,"E9QNG1_S843","Itsn2_S843"
-1.1526517490146,19.4978534545952,-1.54228392623742,0.150566290908805,0.278110263825326,-5.19984114370801,"P81122_S556","Irs2_S556"
-1.91683532403433,21.6656201079064,-1.5397953326021,0.151167200321905,0.278110263825326,-5.20316234381607,"A2AJI0;A8Y5P4_S544","Map7d1_S544"
-0.852967318225044,20.0562237925978,-1.53974012977548,0.151180553404803,0.278110263825326,-5.20323597690795,"Q09XV5_S1997","Chd8_S1997"
-1.26361812312179,26.8128652028979,-1.53940243188788,0.151262261813393,0.278110263825326,-5.20368638336044,"A0A0G2JGQ6;Q8CCN4;Q9JLM8_S736","Dclk1_S736"
1.5215486831528,19.823738016205,1.53642036744417,0.151985454063576,0.278950535654339,-5.20766098179476,"Q8C0T5_S1712","Sipa1l1_S1712"
-1.01052831805869,19.3858510119005,-1.53197508934412,0.153069047808124,0.280448185494605,-5.21357662126683,"Q8K019-2_S508","Bclaf1_S508"
-1.89660624263248,20.8489366070692,-1.52995280232386,0.153564212209204,0.280864388124338,-5.21626417221757,"A0A3B2W4D2_Y96","Wtap_Y96"
-0.605413206288411,19.1715225930386,-1.52329560117135,0.15520403818464,0.28336904532666,-5.22509519877907,"E9Q9C3_S424","Mllt4_S424"
-0.718814097730728,19.1898699866176,-1.51697566370361,0.156774744027595,0.285739011723339,-5.23345578723334,"P20152_S214","Vim_S214"
-3.32975931206675,25.1619897628257,-1.51320292623206,0.157718902904719,0.286960781673863,-5.23843595876343,"P20152_S56","Vim_S56"
-1.085393485989,21.8961150378368,-1.5088361370834,0.158817835616704,0.288459431068121,-5.24419022951053,"A2A8V8_S260","Srrm1_S260"
-1.28837004773602,19.6362777068248,-1.50479320867573,0.159841130826574,0.289815752778979,-5.24950806893463,"A2AN08-3_S2726","Ubr4_S2726"
-0.94061209555986,19.5141597808474,-1.50328503378561,0.160224309522684,0.29000876749529,-5.25148944962867,"B2RT41_S356","Zfc3h1_S356"
-1.75649630686353,20.6369724776581,-1.50117061401215,0.160762843841457,0.290481828182494,-5.25426510220279,"Q63918_S218","Sdpr_S218"
-1.97644931950148,21.2620089605853,-1.49428894388856,0.162526348298795,0.292200986109831,-5.26328110452718,"Q8K3W3_S145","Casc3_S145"
3.36603354665128,20.7996627386303,1.49424485061028,0.162537700966149,0.292200986109831,-5.26333878549364,"A0A0G2JGQ6;Q80VB6;Q9JLM8_S32","Dclk1_S32"
-1.1740702749525,19.3230468631601,-1.49419421310348,0.162550739410335,0.292200986109831,-5.26340502596311,"P70302_S257","Stim1_S257"
-1.90070928511929,22.1697900301562,-1.48129267704825,0.16590203171081,0.297642654436791,-5.28023365375832,"Q8K019-2_S654","Bclaf1_S654"
-2.71843283158689,23.956618778895,-1.47852462938192,0.166628706230356,0.297642654436791,-5.28383168454732,"P14873_S614","Map1b_S614"
-1.00440872470515,19.4949011715623,-1.47762156502801,0.166866368376358,0.297642654436791,-5.28500456158973,"E9Q532_S521","Rlf_S521"
-0.986588741914435,19.8829623840208,-1.47752884858125,0.166890785220905,0.297642654436791,-5.28512495242795,"Q91YE7-2_S78","Rbm5_S78"
-2.64498310260251,23.0994272508576,-1.47712195013153,0.166997977871024,0.297642654436791,-5.28565324430832,"Q9ERU9_S2641","Ranbp2_S2641"
-1.393001717721,20.6378190692214,-1.46567623832713,0.170037381034855,0.302545289175768,-5.30047394256907,"Q7TPV4_S1280","Mybbp1a_S1280"
-0.996773788488429,20.3777644211633,-1.45854537792634,0.171954704389187,0.304923413273004,-5.30966850239204,"Q8C156_S25","Ncaph_S25"
-1.52926172429119,20.2531668787735,-1.45854111470356,0.171955856149185,0.304923413273004,-5.30967399041526,"Q9ERG0_S735","Lima1_S735"
-1.09274532469432,19.7198944260261,-1.45343109765724,0.173341110772772,0.306860615016665,-5.31624433562778,"K3W4L0_S140","Myo18a_S140"
-0.500992566083625,19.2149611309129,-1.44830489865963,0.174740263403416,0.308504476728641,-5.32281988115844,"Q7TSG2_S730","Ctdp1_S730"
-1.32865593827223,19.0349375345852,-1.44787347268678,0.174858453412989,0.308504476728641,-5.32337257045511,"E9Q616_T159","Ahnak_T159"
0.484747212469898,24.8652231954198,1.44594774643566,0.175386837047661,0.308916647438569,-5.32583821492554,"Z4YJT3_T503","Larp1_T503"
1.02973633161426,25.0000607430712,1.44486275134656,0.175685135392158,0.308922855521781,-5.32722643434678,"Q8BTI8_S1343","Srrm2_S1343"
-1.77618768922616,20.0965379295531,-1.4420607121341,0.17645749143121,0.309260391701253,-5.33080829868871,"A0A0G2JGQ6;Q80VB6;Q9JLM8_S320","Dclk1_S320"
-1.58765179790167,19.8010746413741,-1.44202525023102,0.176467284577623,0.309260391701253,-5.3308535996885,"Q8BTI8_S1813","Srrm2_S1813"
-0.498015933745691,19.2923877342622,-1.43487867912506,0.178450292649251,0.312210105789095,-5.33996759396289,"Q8VCE2_S314","Gpn1_S314"
1.15936092358391,20.8556327957387,1.43381786771101,0.178746243772383,0.312210105789095,-5.34131781935561,"H9KV00;Q9QX47-2_S1977","Son_S1977"
-1.06205133106912,20.7008664766309,-1.43237843190227,0.179148489036075,0.312392040781708,-5.34314887957745,"Q02780-3_S279","Nfia_S279"
-0.770710549530857,18.9689124801913,-1.4307134508443,0.179614715979056,0.312473941684242,-5.34526528572687,"A0A338P6F2_S177","Osbpl11_S177"
-1.08620208346435,19.3705150500374,-1.43008207482102,0.179791781331678,0.312473941684242,-5.34606740742531,"A2ARP8_S1818","Map1a_S1818"
-1.2208072177502,25.6900611096784,-1.42737723270658,0.180552006276507,0.313275666519502,-5.34950099648255,"O35691_S442","Pnn_S442"
-1.678696022185,20.7410824500078,-1.41445275134526,0.184222106950678,0.319115319147621,-5.36584615314391,"Q14AX6-3_T889","Cdk12_T889"
-2.09510868783743,20.6766236076039,-1.39655440079853,0.189408068061634,0.327557187010879,-5.38831224007915,"A0A3B2WCL5_S99","Ranbp3_S99"
0.746786055001913,22.4476780115099,1.39257867387924,0.190576477337593,0.329034840609221,-5.3932756552132,"Q9QXS1;Q9QXS1-13;Q9QXS1-3_S4620","Plec_S4620"
-2.02684634365234,22.4284841202065,-1.38381053935056,0.193174629285007,0.332555291252057,-5.40418717728573,"A0A286YD76_S316","Kiaa0754_S316"
3.38675736206713,21.3992596967567,1.38355710373246,0.193250164477579,0.332555291252057,-5.40450184976588,"Q9CYB0_S298","Trim13_S298"
1.22634747498464,22.1632487484232,1.38013665416687,0.194272025861534,0.333765710004733,-5.40874482459215,"Q52KE7_S358","Ccnl1_S358"
-2.59344339760077,21.5574032197595,-1.37614059093992,0.195471556308082,0.335276908364763,-5.41369250511054,"Q8BTI8_S433","Srrm2_S433"
-1.39360824278048,21.2851074471122,-1.37225304613484,0.196644427710689,0.33616332125115,-5.41849615193054,"Q9JLV1_S270","Bag3_S270"
-0.684578364807173,22.4643571815985,-1.37107244164388,0.197001773449917,0.33616332125115,-5.41995307378251,"P97801_S10","Smn1_S10"
-0.730455575983971,19.1980813946498,-1.37038978297232,0.197208647239717,0.33616332125115,-5.4207951039816,"A0A2I3BRX9_S710","Ralgapa1_S710"
-1.52297105182268,19.9298855070496,-1.37018277581312,0.197271414665513,0.33616332125115,-5.42105038006634,"A0A0R4J1Q0_S868","Edc4_S868"
-1.16604737423627,20.280471012356,-1.36665586570898,0.198343378199147,0.336878332581558,-5.42539549957131,"Q91YE7-2_S623","Rbm5_S623"
-2.56509653821642,26.1701098353732,-1.3658173319492,0.19859895206195,0.336878332581558,-5.42642740237921,"E9Q616_S136","Ahnak_S136"
-1.33700590638249,20.00418761738,-1.36522121325036,0.198780807431143,0.336878332581558,-5.42716071630821,"O08919_S263","Numbl_S263"
-0.978581117138422,24.1866444734436,-1.36457925555836,0.198976801400748,0.336878332581558,-5.42795016605905,"Q8K019-2_S287","Bclaf1_S287"
-0.776675049594115,19.4042757059927,-1.35968179021501,0.200477318688971,0.338871338687163,-5.43396419595217,"Q62383_S125","Supt6h_S125"
0.528733196595041,24.8605042599276,1.35198796320567,0.202853549962648,0.342335781579477,-5.4433811522714,"Q80Y44_T587","Ddx10_T587"
0.578616219111453,24.4320313942927,1.34118559125645,0.206229154247538,0.347472915838295,-5.45653860348524,"P14873_S1775","Map1b_S1775"
-1.57095868645982,21.4832851840356,-1.33225398725037,0.209055068118141,0.351668878632121,-5.46736037558202,"A0A0R4J1F8_T782","Wdhd1_T782"
0.742961507336577,19.2934939069791,1.32607014249387,0.21103022804217,0.354422562481081,-5.47482244082651,"Q69ZX6_S741","Morc2a_S741"
-1.11192941343128,19.9947956255322,-1.32282664800628,0.21207233960837,0.355398820769865,-5.47872637155356,"P05627_S73","Jun;Jund_S73"
-1.1919672951557,19.864248366759,-1.32215161433292,0.212289753627801,0.355398820769865,-5.47953798718873,"A0A1I7Q4G8_S96","Gatad2a_S96"
-1.06142819833426,19.2707833856286,-1.31736544904933,0.213836528931389,0.35702712698919,-5.48528396378148,"Q6NZM9_S562","Hdac4_S562"
-0.790595645749853,19.3091852988839,-1.31703477207684,0.213943736401919,0.35702712698919,-5.48568039741617,"Q925J9-4_T1036","Med1_T1036"
0.545715906932493,23.7820384510596,1.31090396332746,0.215939374060603,0.359592691676676,-5.49301727375725,"Q9Z277_S1464","Baz1b_S1464"
-0.859864665866702,19.5448652714644,-1.31020651589443,0.216167362362887,0.359592691676676,-5.49385035052908,"Q80UG5-3_T136","Sept9_T136"
-0.688148510957319,19.873329260385,-1.30660273360124,0.217348541125553,0.360984581774293,-5.49814980701388,"E9Q1K3;Q9QYC0_S12","Add1_S12"
3.4615682883485,20.8092728365453,1.29960811338602,0.219656158192535,0.364239958521798,-5.50647003808391,"Q9CYB0_T303","Trim13_T303"
2.51661692878255,21.3928301875242,1.29447195672485,0.221363340743528,0.366490965401607,-5.5125588139713,"A0A0G2JGQ6;Q80VB6;Q9JLM8_T317","Dclk1_T317"
-0.521232033270163,19.1975676184822,-1.28396423807898,0.22488961619123,0.371741826133137,-5.52496032202959,"A0A1D5RLZ8_S420","_S420"
-0.766925755704932,20.1156921959438,-1.2791708429505,0.226513314316782,0.373836147092893,-5.53059291656921,"A0A589P973;Q8CH77_S428","Nav1_S428"
-0.59574409071864,19.3961317056516,-1.2778820564922,0.226951491532279,0.373970382273315,-5.53210468551155,"Q6P9L6_S568","Kif15_S568"
1.28828719066744,20.8146949628756,1.27443409922449,0.228127147993611,0.375317505647259,-5.53614366446722,"Q8CCN4;Q9JLM8_S363","Dclk1_S363"
-1.5866053206828,22.6804814455024,-1.27316283579123,0.228561855580297,0.375443298821554,-5.5376308018768,"Q8R550-3;Q8R550-5_S550","Sh3kbp1_S550"
-0.930105193962135,19.8392112972614,-1.26369797830861,0.231819463897073,0.380198432181741,-5.54866829463906,"A2A9M5_S452","Dock7_S452"
-0.699973559189996,19.1227636678215,-1.2571070509393,0.234109984227367,0.383355099172314,-5.55631816593955,"Q8K327_S532","Champ1_S532"
-1.23500959734614,19.6493587116778,-1.25526782207028,0.234752408403642,0.383807369745736,-5.55844757638319,"G3X9J0;S4R2N4_S1538","Sipa1l3_S1538"
0.501994543521807,19.2146105506464,1.24749319008253,0.237483697417273,0.387668091734116,-5.56742309109358,"E9Q616_S5292","Ahnak_S5292"
-1.46401791466655,19.7254759235837,-1.24117893320912,0.239720675918099,0.390711148308193,-5.57468190282955,"Q811L6_S1465","Mast4_S1465"
-0.45613531822131,24.8569265624374,-1.23955486939496,0.240298762665382,0.3910451914182,-5.57654443873728,"Q7TQH0-2_S591","Atxn2l_S591"
1.24299373812982,19.9827195234472,1.23481326943772,0.241992928875155,0.393191611567693,-5.58197177759172,"Q99KG3-2_S659","Rbm10_S659"
1.24276088078207,20.1205682040494,1.22749453809822,0.244626635400565,0.396855594272124,-5.59031815284656,"Q6P5B5_T413","Fxr2_T413"
-2.67981359420806,25.1820185724531,-1.22400178212415,0.245891571467263,0.398291138945428,-5.59428811235871,"O35691_S100","Pnn_S100"
-1.49046001342244,21.3840647463618,-1.22245615546301,0.246452997005408,0.398584476638375,-5.5960421781624,"A2ADW8;Q62012;B1AV09_S388","Gm15128;Gm15097;Gm15093;Gm15114;Ott;Gm15107;Gm15080;Luzp4_S388"
0.513482333751632,19.4039833893109,1.21606710042405,0.248784563990364,0.401143738291694,-5.6032749973313,"F7ANA1_S277","Phrf1_S277"
-0.777288062885006,23.1325681940471,-1.21539407044832,0.249031191617789,0.401143738291694,-5.60403523389181,"Q3UIX4_S427","Srsf11_S427"
-2.3342968240701,23.6139490813903,-1.21497800474567,0.24918375346173,0.401143738291694,-5.60450505043102,"G3UWZ0_T729","Baz1a_T729"
0.820305413824709,19.7083900035767,1.21214183264895,0.250225692674883,0.401730861326075,-5.60770436135261,"Q9CYX7_S265","Rrp15_S265"
0.695581323334142,19.8111304302137,1.21189883026757,0.250315126379701,0.401730861326075,-5.60797821258117,"A0A0R4J1E3_S142","Dbn1_S142"
-0.900077151835006,19.7092163576697,-1.20812799933344,0.251706182993537,0.402930641203348,-5.61222238180802,"Q91VH2_S199","Snx9_S199"
-0.685290792839798,19.3130651157759,-1.20778869874916,0.251831650752092,0.402930641203348,-5.61260377882475,"A2AFQ9_S1413","Gemin5_S1413"
-1.35944510808367,20.6494885564142,-1.20653827698103,0.252294464167852,0.402988906134782,-5.61400863227321,"Q8K1N2_S359","Phldb2_S359"
-1.25188140031699,20.4374386102859,-1.20487175277625,0.252912335289106,0.402988906134782,-5.61587925068513,"Q7TSC1_S1090","Prrc2a_S1090"
-1.45761619879771,21.364999447172,-1.20457721621465,0.25302166053119,0.402988906134782,-5.61620965283026,"V9GXJ9_S24","Kri1_S24"
1.16120277214775,20.7077842670566,1.20198418595385,0.253985749647404,0.403910570000727,-5.61911576964932,"A0A0A6YY67_S1131","Camsap2_S1131"
-0.961970201429864,22.4240004690383,-1.19808284369208,0.255441742521457,0.405046128731722,-5.62347913296854,"E9Q9C7_S355","Ablim1_S355"
0.495916524815389,20.040597431138,1.19796009703864,0.255487658768629,0.405046128731722,-5.62361623968438,"A2APM2_T728","Cd44_T728"
-0.961175190136615,19.3946306002338,-1.19626530829622,0.256122300811331,0.405046128731722,-5.62550819966862,"Q91V89_S565","Ppp2r5d_S565"
-0.736201126686385,19.5544186933225,-1.19593593206042,0.256245785638485,0.405046128731722,-5.62587565699861,"Q99LH9_S349","Sh3bp5l_S349"
1.96114064262556,26.3516464560446,1.19059827387658,0.258253459361983,0.406685582809949,-5.63181959740101,"P97855_S231","G3bp1_S231"
0.51107999357443,19.4896266390404,1.19046894165401,0.25830225903703,0.406685582809949,-5.63196336633802,"A0A1W2P7P4_S11","Max_S11"
1.07690326789299,20.3483365087045,1.18818439473909,0.259165463387577,0.406685582809949,-5.63450094474675,"Q8BGD9_S445","Eif4b_S445"
-0.884911750087365,18.9080451142883,-1.18804027325981,0.259219995046483,0.406685582809949,-5.63466090299453,"A2ARP8_S1886","Map1a_S1886"
0.394440994751974,18.7457494183353,1.18706564151081,0.259589006450036,0.406685582809949,-5.63574223979578,"B2RY04_S1765","Dock5_S1765"
-1.98011428779262,20.0874369284016,-1.18700676332232,0.259611311927344,0.406685582809949,-5.63580754221697,"Q62523_S336","Zyx_S336"
-0.751931972389428,19.6443515251972,-1.1812490060949,0.261799881589572,0.409060086946008,-5.64218146402116,"H3BJX8_S844","Arhgef2_S844"
-1.11639524721012,19.6948274122273,-1.18096621153445,0.26190774650837,0.409060086946008,-5.64249390542922,"Q8BKH7-2_S474","Mapkap1_S474"
-1.58220106496088,21.2378673380908,-1.17909716942755,0.262621523914729,0.409291298340007,-5.64455743557349,"P58871_T533","Tnks1bp1_T533"
0.431945170993938,18.8680224167822,1.17853405408263,0.262836873838573,0.409291298340007,-5.64517865209117,"A2AR02_T356","Ppig_T356"
-0.597743536522124,19.5660299488799,-1.17736418541007,0.263284705016842,0.40938037219236,-5.6464684919123,"A2AJI0;A8Y5P4_S444","Map7d1_S444"
0.796467975933535,19.2791073356382,1.17396739165053,0.264588406054683,0.410797999326382,-5.65020801036852,"Q9ESL4_S649","Zak_S649"
-1.8019631526916,23.0185658127032,-1.17126021609791,0.265631047434216,0.411649611121017,-5.65318233474516,"Z4YJT3_S751","Larp1_S751"
1.08126814748822,20.5940218268314,1.17007809158183,0.266087338616133,0.411649611121017,-5.65447944259073,"P27546;P27546-2_T658","Map4_T658"
-0.820983422495758,24.616923005245,-1.16948809594434,0.266315301851192,0.411649611121017,-5.6551264458333,"Q9D824-3_S434","Fip1l1_S434"
-0.696193715753957,19.3533954528676,-1.15446459139901,0.272171690134864,0.419167257580678,-5.67151595260739,"Q8R550-3_S193","Sh3kbp1_S193"
-0.615831142513443,19.6560053932265,-1.15395112517166,0.272373605797019,0.419167257580678,-5.67207318343822,"Q8BTI8_S778","Srrm2_S778"
-0.570325986958871,19.5990897049786,-1.15351916815246,0.272543558993452,0.419167257580678,-5.67254180765724,"P28574-2_S2","Max_S2"
2.1862959085963,23.0918136400386,1.15273184548871,0.272853542756655,0.419167257580678,-5.67339561026406,"Q8BTI8_S435","Srrm2_S435"
-0.560812573504705,19.9786269336428,-1.15154918009523,0.273319695576515,0.419167257580678,-5.67467728062102,"A2AG58-2_S205","_S205"
-1.26481334359934,23.6353035831952,-1.15064548422109,0.273676308405793,0.419167257580678,-5.67565593408022,"Q8BTI8_S2075","Srrm2_S2075"
-0.814126648713358,19.5392027590296,-1.14988016391785,0.273978598704928,0.419167257580678,-5.6764842639582,"Q9EPQ8-2_S588","Tcf20_S588"
-0.611303144046413,19.8224903249152,-1.14788883255112,0.274766360878672,0.419402834599525,-5.67863752063426,"A8Y5G5_S640","Zfyve9_S640"
-1.26452624104459,21.2834488881325,-1.14692312083399,0.275149024949338,0.419402834599525,-5.67968070611617,"Q6NZR5_S240","Skiv2l_S240"
-1.42202753505666,23.0876701963998,-1.14645880264182,0.275333158592054,0.419402834599525,-5.68018202895907,"Q8C0T5_S1528","Sipa1l1_S1528"
-1.17670246610431,20.169341440974,-1.14452247219935,0.276102075713393,0.419963679749835,-5.68227096186291,"Q6P542_S107","Abcf1_S107"
-1.22945769504882,21.2716410736841,-1.14305720797973,0.27668503825591,0.42024046390173,-5.68384986148772,"Q8VDJ3_S31","Hdlbp_S31"
-0.392276791170797,19.2833376365134,-1.14092078296133,0.277536734034612,0.420774838547441,-5.68614912497499,"B2RQS1_S229","Strn3_S229"
-0.783605007964354,19.9872184706963,-1.14016159995273,0.277839874308043,0.420774838547441,-5.68696535877837,"E9Q616_S5099","Ahnak_S5099"
-2.28128705988324,20.9519434528217,-1.13832715517338,0.278573422312559,0.42127697919706,-5.68893589381563,"Q80W47_S395","Wipi2_S395"
-1.03708133905725,21.3571505563797,-1.13675107969999,0.279204850760882,0.421623463396836,-5.69062689765859,"P14873_S2267","Map1b_S2267"
-0.538539355627218,19.4175836129881,-1.12832148856632,0.282600820013165,0.426137639386759,-5.69963980792318,"A2A9P6_S31","Cdk11b_S31"
-0.889505235142057,20.9827468710304,-1.12020718977319,0.285899754449535,0.430492733711369,-5.70826549168804,"A0A0A6YY67_S450","Camsap2_S450"
-1.27952237118573,19.8622238322752,-1.11764464741737,0.286947703464642,0.431450779384426,-5.71097927852739,"E9Q616_S2381","Ahnak_S2381"
1.09131740882737,20.0776811580603,1.11614302352653,0.287563159682003,0.431756721127133,-5.71256723731928,"A0A3B2WBE1;A7YY80;Q9WV92-3;Q9WV92-6_S543","Epb4.1l3_S543"
-0.647296363666552,21.7862603360778,-1.11363687772277,0.288592584150235,0.432682443761726,-5.71521369382879,"D3YX85_S701","Asap2_S701"
-0.793442329560012,19.900875908451,-1.10732940514929,0.291195935585804,0.435961914991318,-5.72185334392643,"A0A5F8MPE1_S656","_S656"
-1.23740377180022,21.8336274451552,-1.10243642870537,0.293227804147275,0.438377658696639,-5.72698328834812,"E9QJU8_S703","Trp53bp2;Tp53bp2_S703"
-1.03434794036215,19.6775404987962,-1.09905361128956,0.294638873984548,0.4398597434983,-5.73051932299378,"F6YRW4_S868","Kdm2a_S868"
-0.638250001331922,19.8027267063344,-1.09792642861395,0.295110201779214,0.439936687716382,-5.73169562806863,"B1AST8_S816","Mast2_S816"
-0.683622018081298,20.038954759274,-1.09129007736845,0.297896817109793,0.443460034561169,-5.73860157813249,"Q6PHZ2_T337","Camk2d_T337"
0.771264699799286,19.8455524199847,1.08936591220942,0.298708504929797,0.443630170417993,-5.74059762952067,"Q68FD7_S945","Fnip1_S945"
-1.0383280495918,20.0569236280422,-1.08901259703857,0.298857729308305,0.443630170417993,-5.74096383701213,"A0A087WQF1_S1060","Clasp1_S1060"
0.759975043487888,27.4792314014777,1.08681794737897,0.299785917566566,0.444175968825799,-5.74323643022129,"A0A0G2JGQ6;Q80VB6;Q9JLM8_S307","Dclk1_S307"
-0.577862621105297,19.3536575884522,-1.08614001595995,0.300073078176208,0.444175968825799,-5.74393769340675,"Q8R3N1_S96","Nop14_S96"
-1.00078837986842,24.4654496461066,-1.08333960284548,0.30126149688909,0.444571347710985,-5.74683075457752,"Q569Z6_S935","Thrap3_S935"
-1.27273516163279,22.1504719602265,-1.08276910489021,0.301504037064228,0.444571347710985,-5.74741938948164,"Q3U0J8_S959","Tbc1d2b_S959"
-0.556806320957183,19.4433716507107,-1.08251335679895,0.301612813189418,0.444571347710985,-5.74768318710614,"E9PYI8_S108","Usp14_S108"
-0.850103810379256,21.0349689392109,-1.08114257510604,0.302196347607751,0.444805859961971,-5.74909625769354,"P70255-2_S330","Nfic_S330"
0.828254096949312,20.0654873660514,1.07942621496441,0.302928196624451,0.445257713972546,-5.75086353296605,"Q05D44_S187","Eif5b_S187"
-0.451848429535278,19.4976052318851,-1.07689592854058,0.304009542962667,0.446221289950805,-5.7534647481276,"Q3UMB5_S491","Smcr8_S491"
-1.18207243906854,19.8019723757662,-1.07134359215757,0.306392607469516,0.449090143535738,-5.7591554402967,"E9Q4Q2_S82","Sf1_S82"
-1.20390812735205,21.6166034701108,-1.06766021147036,0.307981265196192,0.450788220566493,-5.76291747139834,"Q811P8_S856","Arhgap32_S856"
0.544902269256443,19.0384227374421,1.05966995448442,0.311448781246976,0.455227786257784,-5.77104221135977,"E9Q4F7_S838","Ankrd11_S838"
-0.650732678735586,19.5829300382548,-1.05788777378238,0.312226169936007,0.455313643801627,-5.77284762391083,"Q62433_S330","Ndrg1_S330"
-0.518117829677358,19.2672867051038,-1.05707909203831,0.3125793967532,0.455313643801627,-5.77366603199583,"Q5XJE5_S615","Leo1_S615"
0.624219605238082,19.2713917608706,1.05654945621164,0.312810900321728,0.455313643801627,-5.77420176196573,"Q9JLM9_S20","Grb14_S20"
1.16561086308947,20.0761658615854,1.05411024653812,0.313878734931345,0.456234277681067,-5.77666621612119,"P14873_S829","Map1b_S829"
-0.936347756758032,22.6445372073526,-1.04885669715534,0.316187883570368,0.457899133044265,-5.78195836442813,"Q9R0L6-2_S65","Pcm1_S65"
-1.1785528915302,23.9525497611133,-1.04852917293716,0.316332262700701,0.457899133044265,-5.78228758056317,"E9PVC5_S1183","Eif4g1_S1183"
-0.575369280951804,18.8798490394483,-1.04806198872079,0.316538291841429,0.457899133044265,-5.78275703286497,"Q9R0L6-2_S898","Pcm1_S898"
-0.823635027256309,22.1010061057847,-1.04753271410812,0.316771823909439,0.457899133044265,-5.78328867057082,"Q5PSV9_S168","Mdc1_S168"
-0.552307804615417,19.2052563866695,-1.04517848201364,0.317812139919828,0.458770141371873,-5.78565075505485,"F8WHT3_S621","Prrc2b_S621"
-0.738219498758784,22.0098114785721,-1.03317413459888,0.323156349537051,0.465842990804442,-5.79762744493985,"Q8BYC6_S324","Taok3_S324"
-1.31280149770926,20.523786570114,-1.02988443701672,0.32463245963133,0.466564191171087,-5.80088973720794,"E9QNT5_S103","Taf12_S103"
-2.39470890807465,21.8002453190255,-1.02913045129872,0.324971480304552,0.466564191171087,-5.80163623671276,"Q8JZQ9_S75","Eif3b_S75"
1.15071693476223,21.762404963539,1.02855689346989,0.32522954912308,0.466564191171087,-5.80220379857139,"B1ARU4;F7ACR9;Q9QXZ0-3_S2335","Macf1_S2335"
-0.630502663437227,19.4961021285505,-1.02809512923452,0.325437427238611,0.466564191171087,-5.80266054634955,"Q8BTI8_S2245","Srrm2_S2245"
-0.472355496778409,19.166733608986,-1.02641063470397,0.326196590027173,0.466657748624408,-5.80432530973866,"G3X9J0;S4R2N4_S1358","Sipa1l3_S1358"
-0.644252690687228,19.2955752542071,-1.02597473367379,0.326393253570316,0.466657748624408,-5.80475573878733,"E9QP01_S173","Cic_S173"
0.564745223477352,24.4828027321649,1.02482533577813,0.326912242379912,0.466762983670501,-5.80588998581064,"P07901_S263","Hsp90aa1_S263"
-0.87547360374441,19.2778344056535,-1.02041629693889,0.328908711968137,0.468813025245298,-5.81023118273068,"Q6P6L6_S84","Gemin4_S84"
-0.300228051238545,18.9515201053051,-1.01950084109049,0.329324366767601,0.468813025245298,-5.8111306161376,"Q5SNZ0-2_S1417","Ccdc88a_S1417"
0.285849954957389,25.8054540860657,1.01869609130926,0.329690075959718,0.468813025245298,-5.81192073052827,"D3Z4U0_S153","Zranb2_S153"
-0.686729679467586,19.9353290919426,-1.01543337358514,0.331175844279727,0.470287648787472,-5.81511882897451,"B1AZM2_S388","Gm15091_S388"
-0.5417254059176,19.5647874969294,-1.0119172063096,0.332782533965129,0.471929763999262,-5.81855585611159,"A0A0G2JE56_S12","Zfp655_S12"
-0.437855914564071,19.3242398307014,-1.00770790376426,0.334713464468342,0.473739943355936,-5.82265742931303,"E9Q9C7_S545","Ablim1_S545"
-0.474675414571763,19.1539673340433,-1.00647351682411,0.335281268135646,0.473739943355936,-5.82385753610357,"A0A338P6N4_S1917","Crybg3_S1917"
-0.528495278481849,19.5868790386852,-1.00618276637125,0.335415112566894,0.473739943355936,-5.82414003454009,"F6YZU5_S883","Dlg5_S883"
-0.688998965315033,19.680663567455,-0.99859407408725,0.338922342660548,0.478049280091864,-5.83148935988297,"Q5BL07-2_S1172","Pex1_S1172"
-0.819281219882185,19.3614287036537,-0.997202010065696,0.339568601855703,0.478317062829001,-5.83283249117632,"A0A0A0MQN9_S2250","Ttc28_S2250"
-0.530881752175269,19.0108250998647,-0.991897618116584,0.342039374135328,0.480724992170046,-5.83793611779917,"P09405_S403","Ncl_S403"
-0.504649586700229,22.3849790004369,-0.991563457929001,0.342195461983639,0.480724992170046,-5.83825687039255,"A0A1Y7VKX7_S80","Ddx24_S80"
-0.477996358976721,19.3776360918822,-0.987751287682594,0.343979811980536,0.482584796459976,-5.84190969745255,"E9QMJ1_S823","Asap1_S823"
0.485119394294525,23.6848890700129,0.986737321092462,0.344455551453116,0.482606173693671,-5.84287930268839,"P14873_S1013","Map1b_S1013"
-0.484541821720928,19.4640935505035,-0.983310274042642,0.346067008568322,0.483717134715179,-5.84615025129147,"Q80U72_S1457","Scrib_S1457"
0.431728565152223,19.2169460847865,0.982808654649166,0.346303336269788,0.483717134715179,-5.84662822358885,"Q9EST3-2_S344","Eif4enif1_S344"
-0.932543190580819,19.4897635286117,-0.982108965357896,0.346633175735782,0.483717134715179,-5.84729458746293,"A0A0G2JFW6_T659","Rprd2_T659"
1.08142246521409,25.7278085969515,0.980604530088004,0.347343149397826,0.48406332522463,-5.84872602224043,"E9Q616_S5504","Ahnak_S5504"
0.865533441147537,20.0986714738367,0.976819046170175,0.349134248242018,0.485913269797655,-5.85231968457948,"P35601-2_S70","Rfc1_S70"
0.720249631938753,19.8173094257444,0.974346444109848,0.350307753741425,0.486899901752008,-5.8546606966749,"Q9D0L8_S15","Rnmt_S15"
0.648988928301264,19.4172846319344,0.969508395598931,0.352612130690102,0.489453659553943,-5.85922684882311,"D3Z3H4_S203","Cgnl1_S203"
-1.68202594637578,22.0203524527538,-0.964075648326279,0.355212741843681,0.492411314090182,-5.86433147935717,"Q8JZX4_S155","Rbm17_S155"
0.449803737562657,22.7059028542328,0.949990048146735,0.362019390851971,0.501184044402729,-5.87745355548264,"H9KV00;Q9QX47-2_S2031","Son_S2031"
-0.923716407642246,23.0698037214422,-0.945214704628826,0.364347977840694,0.503742322924865,-5.88186513013498,"E9Q3Z5_S584","Svil_S584"
-0.922232025488412,20.1688550401367,-0.940428001945856,0.366692768538857,0.50607066812682,-5.88626826246414,"P63166_S2","Sumo1_S2"
0.228435279718369,26.6885339068262,0.939170515743756,0.367310525796028,0.50607066812682,-5.8874218329193,"Q8BTI8_S2535","Srrm2_S2535"
-1.68056315965166,23.6132202440016,-0.938824368708014,0.367480704622624,0.50607066812682,-5.88773914484043,"E9Q9C3_S1189","Mllt4_S1189"
-0.897926766093796,20.5336205965768,-0.932942105973108,0.370381184450205,0.509057143068654,-5.89311617579762,"A0A0G2JEX1_S80","Nexn_S80"
-0.793447867892912,19.9156255796292,-0.932238415342829,0.370729246947324,0.509057143068654,-5.8937574982527,"Q7TSC1_S1087","Prrc2a_S1087"
0.399863973984719,19.3065854459122,0.931476148355738,0.371106543229438,0.509057143068654,-5.89445174006325,"Q9ERU9_S2134","Ranbp2_S2134"
-1.42492898399499,22.0128297865937,-0.928622864374168,0.37252122687212,0.510329733022198,-5.89704609582866,"E9QA15;Q8VCQ8_S526","Cald1_S526"
-0.480467095100682,19.305799566491,-0.92521768283309,0.374214514554058,0.511846096202591,-5.90013337370676,"Q9ESK9_S261","Rb1cc1_S261"
-1.01459695862077,21.023863019849,-0.924434121594554,0.374604919644454,0.511846096202591,-5.9008424115138,"Q80WJ7_S423","Mtdh_S423"
-0.338530696464243,24.4210306266753,-0.921931143134382,0.375853932794622,0.512884012459328,-5.90310389487138,"F6RJ39;Q9JIX8-4_S439","Acin1_S439"
-1.33017275044043,21.6491007153114,-0.91658373041712,0.378532136360924,0.51586694266092,-5.90791779121499,"Q922U1_S619","Prpf3_S619"
0.643499305911039,19.5942418020821,0.912856838346655,0.380406601189819,0.516936387012101,-5.91125865674387,"Q922J3_S199","Clip1_S199"
-0.615743371091632,19.1996255863926,-0.912653141680236,0.380509238418752,0.516936387012101,-5.91144091829798,"F6YZU5_S914","Dlg5_S914"
-0.737743047855652,20.9993292099323,-0.912056105242403,0.380810180344712,0.516936387012101,-5.91197492719975,"A2A485_S665","Zmynd8_S665"
-1.18924364620371,19.9847519204855,-0.911105051284132,0.381289911412552,0.516936387012101,-5.91282496154229,"P20152_S72","Vim_S72"
-0.349431767295158,24.3839863538971,-0.909032749587872,0.382336683292797,0.517685845078619,-5.91467450889956,"Q8BP27_S67","Sfr1_S67"
-1.50822150866541,20.4720019720074,-0.907959097520104,0.382879799392567,0.517752296468916,-5.91563132997024,"P58871_S1375","Tnks1bp1_S1375"
-0.896552812525922,22.4174684908912,-0.899603655713248,0.387124833894838,0.522818074641483,-5.92304431343793,"Q8K019-2_S175","Bclaf1_S175"
-0.997502432096539,20.2734132855134,-0.898227732778492,0.387827000491705,0.523092273507473,-5.92425937739717,"Q5NCR9_S255","Nsrp1_S255"
-1.61273789165012,21.8098809007084,-0.895798783302746,0.389068705205831,0.524092548914795,-5.92640044380363,"A0A0A0MQ79_S1514","Prrc2c_S1514"
-0.746806735816584,19.9725106630429,-0.892691729440483,0.390661071258377,0.525562006006136,-5.92913195010498,"P81122_T517","Irs2_T517"
-0.78807765027091,19.4253103386334,-0.887302911703727,0.393433505418162,0.528153069314615,-5.93384997521935,"D3Z4C0_S491","Farp2_S491"
-0.798989720538586,20.788776767893,-0.886989844334411,0.393594987723964,0.528153069314615,-5.93412331296922,"H3BKM2_S301","Zc3hc1_S301"
-0.69993654507055,22.2277320235807,-0.883382283623809,0.39545908525055,0.529960117452761,-5.93726703221431,"D3Z4U0_S188","Zranb2_S188"
-0.761546336933343,19.2388749510744,-0.881739378271344,0.396310014663874,0.529960117452761,-5.93869502279601,"D3Z197_S571","Whsc1l1_S571"
-0.464571395695909,19.633615882076,-0.880698577427089,0.396849739034692,0.529960117452761,-5.93959848013706,"J3QJV7_S323","Rabep1_S323"
-0.415251978722321,24.4660711997454,-0.880477589285432,0.396964400954597,0.529960117452761,-5.93979018772174,"Q9QXS1;Q9QXS1-13;Q9QXS1-3_T4037","Plec_T4037"
-0.621751028822992,21.3510013741447,-0.874422446289141,0.400115014498334,0.533486685997778,-5.94502678573069,"E9Q3I4_S298","Itsn1_S298"
-1.06637724992847,20.7774926525655,-0.873143038301958,0.400782899077367,0.533698193434664,-5.94612922404117,"A6H8H2-2_S1145","Dennd4c_S1145"
-0.912784544895903,21.1566906342427,-0.862118359117504,0.406569601571941,0.54071693203984,-5.95557071625848,"O89032-3_S549","Sh3pxd2a_S549"
-0.670415435815915,19.6928396649191,-0.851785717441949,0.41204430802643,0.547303466174522,-5.96432447347134,"O89032-3_S503","Sh3pxd2a_S503"
-0.397908980520469,19.4005345797127,-0.846577299726066,0.414822738584252,0.550296493716831,-5.96870199833058,"Q3UZP7_T145","Palm_T145"
-1.30535532410131,20.0367502648786,-0.84075952069275,0.417941092630552,0.553732319945409,-5.97356383103486,"B1AZ14;Q3UMF0_S996","Cobll1_S996"
-0.654407298707515,19.7616944601808,-0.838582717750539,0.419111896261473,0.554582408184373,-5.9753753847028,"Q921C5_S578","Bicd2_S578"
0.494864562285329,19.6931835083002,0.837284210307578,0.419811348482032,0.554807431537414,-5.97645404807002,"Q8BTI8_S1683","Srrm2_S1683"
-0.484031794665547,19.2352678840068,-0.834763971171265,0.42117112249211,0.555903446312004,-5.97854340218443,"E9Q9C3_T1337","Mllt4_T1337"
-0.73287519435193,20.2857904516582,-0.832222347587209,0.422545408020505,0.556648061950073,-5.98064487093915,"Q99LJ0_S488","Cttnbp2nl_S488"
-0.83412367050029,20.2717052667973,-0.831361063456168,0.42301179157211,0.556648061950073,-5.98135571907711,"S4R1G6_S17","Rsrc2_S17"
1.09817161185778,21.2730379004481,0.82984616324615,0.423832938274774,0.556648061950073,-5.98260444633029,"Q8BTI8_S1278","Srrm2_S1278"
0.530273443529492,19.7652350548853,0.829796494073567,0.423859879232976,0.556648061950073,-5.98264535448927,"Q8K124_T233","Plekho2_T233"
-0.282300378423798,18.9599902654049,-0.822338786769261,0.427917920295673,0.561274068172547,-5.9887631047672,"E9Q3E2_S1018","Synpo_S1018"
0.523029668092153,19.422650286255,0.820247387677783,0.429060540899739,0.562069308578658,-5.99046997760221,"E9Q616_S4811","Ahnak_S4811"
-0.876942881156957,20.1049774411159,-0.810185203266211,0.434586099634349,0.568597044215728,-5.99862834803337,"A0A0R4J243_S234","Suds3_S234"
-0.622938604599558,19.7458416133228,-0.809013010616153,0.435232827527106,0.568733171132677,-5.99957295428759,"E9PVX6_S2392","Mki67_S2392"
0.375623387452038,19.3424446708263,0.805303326280321,0.437283712617947,0.57070153278158,-6.00255439055614,"Q60949_S231","Tbc1d1_S231"
0.340585224084812,23.5954582519615,0.800789201144769,0.439787849445268,0.573255803754528,-6.00616593390719,"Q6NV99_S500","Haus6_S500"
-0.624201024073042,19.9193919495616,-0.796945390854184,0.441927504567504,0.57492611080954,-6.00922695979983,"Q8BJ05_S515","Zc3h14_S515"
-0.466207759514258,19.2956475761246,-0.79632405570905,0.442274005893464,0.57492611080954,-6.00972053084723,"A2A690_S1744","Tanc2_S1744"
0.236040150348391,18.9807369747141,0.795206776357767,0.442897526162123,0.57492611080954,-6.01060720373443,"E9Q3Z5_S220","Svil_S220"
-0.796112558236441,20.4466034296152,-0.794551212641368,0.443263642685218,0.57492611080954,-6.01112694306538,"Q5NCR9_S254","Nsrp1_S254"
-0.410794301911864,19.4528403050085,-0.792091208555851,0.444639248860311,0.57586956555033,-6.01307386080519,"Q5U4C3_S676","Scaf1_S676"
-0.388486061036431,19.3917008225274,-0.791286154721711,0.445090026808938,0.57586956555033,-6.01370983502114,"Q3TJD7_S111","Pdlim7_S111"
-0.550102072357593,19.5089790470502,-0.785348467864526,0.448423892284339,0.579467619129454,-6.01838265189321,"Q5U4C3_S518","Scaf1_S518"
-1.24591285612303,20.2916170273974,-0.782490620179407,0.450034239780077,0.580832368583153,-6.02062050553421,"Q8K298_S180","Anln_S180"
0.572379211200303,21.4121567375401,0.779211892344563,0.451886331232268,0.582505381465457,-6.02317894835113,"P58871_S1611","Tnks1bp1_S1611"
0.74789976481534,19.4306108465568,0.777762651212278,0.452706540374026,0.582750538815496,-6.02430675137238,"E9Q616_S5620","Ahnak_S5620"
-0.434032841896283,20.2422401336937,-0.776911617893858,0.453188634670447,0.582750538815496,-6.02496815192627,"Q3TQS1_S60","Larp1b_S60"
-0.364563872856014,18.9342997507071,-0.773132766607774,0.455333260845124,0.584790756575601,-6.0278971422703,"Q61768_S945","Kif5b_S945"
-0.365154043481866,19.2846830631319,-0.765730621813281,0.459553020948326,0.58948784082478,-6.03359743449595,"F6RJ39;Q9JIX8-4_S617","Acin1_S617"
-0.941744806932554,20.3621780579173,-0.762629059826203,0.461328520441798,0.591041918610029,-6.0359712669478,"B1AZ14;Q3UMF0_S268","Cobll1_S268"
0.696564162800755,19.8739144405594,0.760438907146121,0.462584903206535,0.591927934750242,-6.03764232007951,"E9Q616_S178","Ahnak_S178"
-0.364552950557037,19.3542558551322,-0.75746854675791,0.464292317565837,0.593388230254875,-6.03990175199237,"A2ATL1_S297","Fam171a1_S297"
-0.369459678430399,19.2456148945863,-0.755504129550867,0.465423687549221,0.59410965231618,-6.04139163113116,"P33609_S215","Pola1_S215"
-1.28072464325815,21.6390342516947,-0.750678161473868,0.468210505468168,0.59693991451416,-6.04503700325475,"D3YWB9_S1047","Cntnap4_S1047"
-0.791028111614754,21.2683849168413,-0.747675475312866,0.469949739575438,0.598429316008577,-6.0472944981176,"Q0VBL3-2_S293","Rbm15_S293"
-0.60268795193036,23.2385513059826,-0.742881378461447,0.472735008199344,0.601245495865185,-6.05088188540076,"Q8BTI8_S1998","Srrm2_S1998"
-0.288205331599375,19.5535756413793,-0.73419673888081,0.477806849942613,0.606542652109527,-6.05732738370293,"Q9D8S3_S241","Arfgap3_S241"
-1.8857640391894,21.0307407078931,-0.733769085765618,0.478057471987089,0.606542652109527,-6.05764300317665,"Q6ZQ04_S731","Frmd4b_S731"
-0.379866953263292,19.5301108140278,-0.730452393107095,0.48000396178496,0.608239376456575,-6.06008515237578,"I7H459_T417","Tjap1_T417"
0.92432174935853,23.7746339642043,0.729514061376354,0.480555537887446,0.608239376456575,-6.06077424490435,"E9PWE8_S101","Dpysl3_S101"
-0.376667774678065,19.5817567926972,-0.727329182097792,0.481841388743774,0.608474846978141,-6.06237566360526,"A0A1Y7VNP1_S418","_S418"
-1.55277523556297,21.201238878041,-0.726415403009745,0.482379799219998,0.608474846978141,-6.06304412993815,"A0A0G2JGQ6;Q8CCN4;Q9JLM8_S738","Dclk1_S738"
0.627933948424229,19.5895831753734,0.726239654960269,0.482483394884385,0.608474846978141,-6.0631726092724,"A0A338P697_S497","Yeats2_S497"
0.331660531390156,22.2957266349108,0.718721730116342,0.486927738075887,0.613341670076357,-6.06864208292861,"Q8VDD9_S1783","Phip_S1783"
-0.343702650662628,21.1200672723557,-0.713093429493765,0.490271413365654,0.616812054270355,-6.07270291364209,"Q8K327_S617","Champ1_S617"
-0.325971818315015,22.7417089964758,-0.710976884049497,0.491532442863822,0.617657074485954,-6.0742224814031,"E9Q616_S2985","Ahnak_S2985"
-0.823652922597596,22.2761930214687,-0.707428011178046,0.493651286752921,0.619576704810851,-6.07676114233145,"A2A8V8_S602","Srrm1_S602"
-1.07804213531729,24.3486859028289,-0.704744370102427,0.495257233951349,0.620848781317003,-6.07867316911073,"Q8JZQ9_S79","Eif3b_S79"
-0.662739574061874,22.7960583485558,-0.702263067327049,0.496744918424378,0.621969742543307,-6.08043513090326,"Q6DID3_S617","Scaf8_S617"
-0.432835824538916,19.0515288088991,-0.700092042659458,0.498048793234315,0.622781793158257,-6.08197210821323,"E9Q2B2_S2050","Ncor1_S2050"
0.33040058983406,19.3734117176086,0.699205233190902,0.498581988988337,0.622781793158257,-6.08259867384389,"Q8CFC7-2_S294","Clasrp_S294"
-0.433313468454813,19.2782625764456,-0.697419406570321,0.499656767347181,0.623381300214102,-6.08385822656825,"Q99KG3-2_S661","Rbm10_S661"
-0.348891314180211,19.1466511858983,-0.696402661202963,0.500269307974624,0.623403370698461,-6.08457402602281,"A0A0A0MQ73_S2299","Kmt2d_S2299"
-0.511318687893798,19.6931467977993,-0.695105801867609,0.501051261078009,0.6236362489427,-6.08548564193468,"Q61768_S933","Kif5b_S933"
-0.493685340878642,22.5316681944432,-0.679937173557696,0.510251833905014,0.634017772075681,-6.09603260983132,"D3Z4U0_S120","Zranb2_S120"
-0.450108890978779,19.6237645493734,-0.679362946649538,0.510602098885377,0.634017772075681,-6.09642768200393,"Q80YR9_S562","Rbm12b1;Rbm12b2_S562"
-0.642377466129815,22.0074855679562,-0.678148856410175,0.511343136044864,0.634186516656826,-6.0972619747441,"Q7TQH0-2_S337","Atxn2l_S337"
-0.312646646821531,19.5387402983692,-0.67625189263677,0.512502252637745,0.634872766860942,-6.09856277489706,"Q6ZPF3-3_S494","Tiam2_S494"
-0.367710463842482,20.5040722701762,-0.668790144895776,0.517076748945527,0.639783273783839,-6.10364696075161,"O89032-3_S377","Sh3pxd2a_S377"
-0.261963722183413,19.6870305713858,-0.655702771837721,0.52515789472015,0.649015888757921,-6.11243860389841,"G5E8B1_S901","Ptpn13_S901"
-0.672610826581082,20.3860262269702,-0.654002984730882,0.52621284807862,0.649346121831206,-6.11356868640993,"E9Q5F9-2_S753","Setd2_S753"
0.510622842692772,19.5700998871369,0.652767193197196,0.526980600674356,0.649346121831206,-6.11438858436472,"Q543V3_T448","Irs1_T448"
-0.314919884976963,23.0207543796709,-0.652279249523608,0.527283921448814,0.649346121831206,-6.11471192040425,"Q7TQH0-2_S109","Atxn2l_S109"
0.988246935439204,21.7190189181849,0.641935594319227,0.533737629743142,0.6558536478444,-6.12151346163909,"Q8BTI8_T1390","Srrm2_T1390"
-0.287819756849839,19.2017873247852,-0.641804345413241,0.53381981069778,0.6558536478444,-6.1215991179219,"E9QAT4-2_S2315","Sec16a_S2315"
-0.661107701754027,20.33440261756,-0.632319653936845,0.539777811812674,0.662397127376678,-6.12774601883829,"F6RJ39;Q9JIX8-4_S351","Acin1_S351"
-0.281617611022014,19.0057247193977,-0.630412173950071,0.540980594969314,0.662769648082378,-6.12897196177461,"Q05BA5_S846","Ncoa3_S846"
-1.46779075358761,21.4530487097874,-0.629095833288732,0.541811516176691,0.662769648082378,-6.12981596938441,"Q6ZQ04_S733","Frmd4b_S733"
-0.619704554820238,19.6210424149935,-0.628831254926669,0.541978614891792,0.662769648082378,-6.12998541296172,"E9Q8K8;Q6ZPZ3-2_S110","Zc3h4_S110"
0.286983225928783,19.2192799633645,0.625904851553452,0.543828780984957,0.664257065818456,-6.13185514226345,"A0A0A6YWR8_S557","Map4k4_S557"
-0.348907549906723,24.8154568251737,-0.623217099795353,0.54553120820129,0.665243195309041,-6.13356524036998,"E9Q616_T496","Ahnak_T496"
0.232072573178304,24.9532253366143,0.622038997140367,0.546278367969148,0.665243195309041,-6.13431265472822,"A0A286YDA2;E9Q5C9-2_S561","Nolc1_S561"
-0.229685739157095,25.0699004757207,-0.620752530355974,0.547094911399891,0.665243195309041,-6.13512731275457,"Q8BTI8_S2023","Srrm2_S2023"
0.3600568735121,18.9793370338463,0.620626056621796,0.547175223622513,0.665243195309041,-6.13520731768998,"A0A5F8MPY8_S55","Fam65b_S55"
0.303922636831839,19.4877535493792,0.613608635042872,0.551641743045657,0.669475958506042,-6.13962258354529,"Q8C0T5_S1149","Sipa1l1_S1149"
-0.356325473490351,24.0321269381465,-0.613149984373343,0.551934378004981,0.669475958506042,-6.13990952933713,"Q8BTI8_S351","Srrm2_S351"
-0.291657467087497,22.6584133231904,-0.610443469120188,0.553662992599859,0.67079631935798,-6.14159872820993,"H3BIW0_S554","Zc3h18_S554"
-0.472337537711876,21.7567100948791,-0.603572156538011,0.558065121649122,0.675349015575381,-6.14585589980324,"B2RY56_S672","Rbm25_S672"
1.02280850849888,22.8679474313037,0.598205945027661,0.561516427512143,0.678741887004298,-6.14914921802498,"Q8BTI8_S434","Srrm2_S434"
0.446052247438491,19.6394100541625,0.595912994819135,0.562994724155164,0.679744782159691,-6.15054803405243,"O54774_S825","Ap3d1_S825"
-0.628809563618304,19.7653244577057,-0.59415403718069,0.564130194654035,0.680166626816592,-6.1516176754002,"A0A0G2JGQ6;Q80VB6;Q9JLM8_S312","Dclk1_S312"
-0.296763073480168,19.5958051716157,-0.593361613214102,0.564642142490873,0.680166626816592,-6.15209858863877,"B1AWL2_S351","Zfp462_S351"
-0.396122660495955,19.2511892963754,-0.585682009888541,0.569616711808891,0.684046581035441,-6.15672805512267,"Q8K389_S193","Cdk5rap2_S193"
-0.301824226437194,20.4216570057171,-0.585163396223523,0.569953507104467,0.684046581035441,-6.15703864828648,"A2AIR2_S138","Rnf20_S138"
-0.430176101572112,19.8150501819344,-0.584674063257376,0.570271386118463,0.684046581035441,-6.15733146853762,"F8WIJ0_S969","Slc12a4_S969"
-0.815741837839706,23.1772184899328,-0.584362301986348,0.570473961665053,0.684046581035441,-6.15751790864618,"I7H459_S537","Tjap1_S537"
-0.448964621991326,20.1758006789316,-0.582657335387756,0.571582500598735,0.684592526431399,-6.15853586361949,"B2RQC6_S1038","Cad_S1038"
-0.242004726754264,18.9741441588255,-0.577782452299349,0.574758480318644,0.687266979633457,-6.16143099806523,"Q8C0N2_S68","Agpat9_S68"
-0.314072969656419,19.2924819306288,-0.576480506718523,0.575608300793312,0.687266979633457,-6.16220033670409,"P58871_S796","Tnks1bp1_S796"
-0.554443670764339,19.9472818221323,-0.576213248336422,0.575782832173832,0.687266979633457,-6.16235806156329,"D3YZP9_S237","Ccdc6_S237"
-0.827033342388436,21.0677968903559,-0.572870264203651,0.57796834558419,0.689090814757942,-6.16432513607895,"Q61937_S125","Npm1_S125"
-0.470756247014045,19.5409944576535,-0.568244343821658,0.580999899507213,0.691918062140408,-6.16702933269385,"A0A0A0MQ79_S753","Prrc2c_S753"
-0.665933913902059,20.3604009073214,-0.554185021265831,0.590265210582159,0.702154302712943,-6.17512105261697,"E9Q3I4_S860","Itsn1_S860"
-0.244668322439729,23.0146122223046,-0.552652389580731,0.591279903939988,0.702563876790371,-6.17599156835719,"E9PVC5_S1225","Eif4g1_S1225"
-0.20225256268488,25.0941909661292,-0.543744532999237,0.597195426560339,0.708789135940244,-6.1810059529028,"Q8BTI8_T2021","Srrm2_T2021"
0.279304595002344,19.1697310565998,0.528553186050094,0.607353807990219,0.720030306305147,-6.18937917109414,"A0A5F8MPZ2_S600","_S600"
-0.722478284237887,21.8226001261539,-0.524074296781347,0.610365503305163,0.722783104478883,-6.191804845221,"Q9R0L6-2_S996","Pcm1_S996"
-0.392290024078893,20.0191724276049,-0.522576862028455,0.611374088547125,0.723160321441747,-6.19261144668535,"A0A0J9YTR8_S15","Stard13_S15"
0.253847902914874,19.8497511618454,0.515820596488487,0.615935129478567,0.727243465184596,-6.19622343084213,"B1ARU4;F7ACR9;Q9QXZ0-3_S2360","Macf1_S2360"
-0.536079837797892,20.1407091025951,-0.515408425920927,0.616213928515192,0.727243465184596,-6.19644233391915,"E9Q616_S42","Ahnak_S42"
0.224997921710589,19.1671419765048,0.509843169064006,0.619984515217857,0.730870384643772,-6.19938170449345,"E9Q804_S2054","Ankrd17_S2054"
-0.683322011075393,20.1545508718248,-0.507758811117664,0.621399653955678,0.731715547579271,-6.20047475631823,"A0A286YD34_S25","_S25"
-0.741448683687217,20.2551115884504,-0.49590631309738,0.629476889425316,0.740394814946949,-6.20660900425392,"F7DBB3_S1458","Ahnak2_S1458"
0.284091347754771,22.8359597184053,0.489948785138116,0.633556037047038,0.744029080675043,-6.20964001068412,"Q9JLV1_S274","Bag3_S274"
0.33556091091689,19.3442054904416,0.488324285588777,0.634670549799821,0.744029080675043,-6.21046042339195,"B1Q2W7_S1825","Taf1_S1825"
-0.208368713071529,23.4553106276579,-0.488025863547659,0.634875389389868,0.744029080675043,-6.21061085036909,"F6RJ39;Q9JIX8-4_S963","Acin1_S963"
0.194630415749671,19.0519375540345,0.487252305760693,0.635406514507789,0.744029080675043,-6.21100037132544,"F8VQK5_S400","Sash1_S400"
-0.404443435492336,19.4638960554317,-0.485239796065675,0.636789304129644,0.744332434665172,-6.21201098771542,"F8WHT3_S120","Prrc2b_S120"
0.312239775619613,19.7217680693617,0.484808167176038,0.637086062876584,0.744332434665172,-6.21222721583618,"B9EIX2_S1122","Cep170b_S1122"
-0.28520193045296,19.4156132087466,-0.481766386335275,0.639179260625931,0.745946397701532,-6.21374579363596,"Q8BLH7_S575","Hirip3_S575"
-0.323644160208829,19.3851295423148,-0.477017727430038,0.642453585151133,0.74893365654993,-6.2160981943328,"F8VPX1_S19","Usp7_S19"
-0.374986611292321,21.2479546559816,-0.474544608815072,0.644162006847307,0.750090870195531,-6.21731448123953,"Q8C079-4_S209","Strip1_S209"
-0.233722794640709,19.2323389689028,-0.473089281441971,0.645168343216276,0.750428883119487,-6.21802737981654,"G3X8U8_S307","Parg_S307"
0.238318176783572,24.1588095699177,0.471527081594503,0.646249403558966,0.750852965554098,-6.21879029116879,"Q8BTI8_S1576","Srrm2_S1576"
-0.599484615078961,24.132790730478,-0.46887950783025,0.648083496193601,0.752150059812729,-6.22007771912966,"E9Q616_S893","Ahnak_S893"
-0.211548208462172,22.7282864815143,-0.465947557032374,0.650117427921042,0.753675956262447,-6.2214953037299,"A0A338P6W1_S1217","Rbbp6_S1217"
0.490849932516607,21.3070842915536,0.460907998457118,0.653620366019335,0.756528583521192,-6.22391193235528,"Q543V3_S343","Irs1_S343"
-0.260805923853816,19.0834165757681,-0.459876375717656,0.654338510507376,0.756528583521192,-6.22440351176424,"A0A0R4J0M9_S746","Vcpip1_S746"
-0.495417697780496,22.4696653007829,-0.459294509283612,0.654743726387138,0.756528583521192,-6.22468031000388,"A2A8V8_T876","Srrm1_T876"
0.184638958596913,19.0921944840519,0.458207101132034,0.655501315260848,0.756569799992697,-6.22519669431112,"A0A589P973;Q8CH77_S677","Nav1_S677"
-0.538945632345207,21.4997532149048,-0.45552661133641,0.657370513687183,0.757892517430328,-6.22646456389906,"Q7TSC1_T609","Prrc2a_T609"
0.311334407218585,19.6129877561119,0.447242584939836,0.663162636410192,0.763730157096573,-6.23033760838544,"J3QJV7_S326","Rabep1_S326"
-0.433779361772284,21.3915207445592,-0.441565211958561,0.667145510757174,0.767473650135586,-6.23295238003327,"P58871_S1612","Tnks1bp1_S1612"
-0.250472713154824,19.7362530160927,-0.439646634968475,0.668493883105084,0.768181567427772,-6.2338287136032,"O55098_T950","Stk10_T950"
-0.550511814292008,21.2427941088331,-0.437490752578199,0.670010486141343,0.769081039951947,-6.23480904397965,"Z4YJT3_T1048","Larp1_T1048"
0.38010861450153,19.6843119877069,0.436177847302455,0.670934829253685,0.769299454111446,-6.2354037730606,"E9Q804_S2042","Ankrd17_S2042"
-0.204674979443478,19.0283544121772,-0.434999439352334,0.671764963094638,0.769409487784896,-6.23593610641962,"V9GXJ4_S144","Rhox5_S144"
-0.598294835381097,21.4164228343139,-0.432189439716477,0.673746315001748,0.770836395329511,-6.23719987931991,"Q8CCN4;Q9JLM8_S364","Dclk1_S364"
0.202037736046115,19.3115580668576,0.428758114850729,0.676169263466073,0.772764872532655,-6.23873235238986,"Q09XV5_S1999","Chd8_S1999"
0.565844866072432,22.9184377273118,0.423932435002943,0.679583263240455,0.77582054452723,-6.24086757082661,"S4R1L5_S455","Birc6_S455"
-0.189627584812804,19.4995372245541,-0.419244884163158,0.682906715693969,0.778766309083002,-6.24291927546365,"O08750_S210","Nfil3_S210"
0.380861259509867,23.067967586774,0.402309481311611,0.694971792113948,0.79166351971241,-6.25014748926317,"Q80X50-2;Q80X50-5_S640","Ubap2l_S640"
-0.393519823494813,21.1417929396423,-0.400715399438149,0.696112049453363,0.79169011844239,-6.2508129705795,"E9Q8K8;Q6ZPZ3-2_S1227","Zc3h4_S1227"
0.860098934805261,21.6600820570981,0.399237139878322,0.697170157260793,0.79169011844239,-6.2514278066531,"Q80W47_S394","Wipi2_S394"
-0.399671649924674,19.3965567231362,-0.399109667710343,0.697261430651074,0.79169011844239,-6.25148072137486,"P81122_S728","Irs2_S728"
-0.348439771955697,19.6064033162862,-0.39769985661234,0.698271224241118,0.791978617970446,-6.25206485064134,"G3X8U8_S135","Parg_S135"
-0.272647712329949,19.202960401595,-0.394775018551721,0.700368110683386,0.793129585518283,-6.25327029785039,"P14873_S1497","Map1b_S1497"
-0.167328850747008,20.1078239493241,-0.394173586515235,0.700799614685048,0.793129585518283,-6.25351710105204,"H7BX94_S366","Knop1_S366"
-0.250291499053141,23.2766594617567,-0.391221870414716,0.702918945874525,0.793844237399883,-6.25472306175309,"Q8JZQ9_S120","Eif3b_S120"
-0.281835071114607,19.173051254123,-0.391184155423999,0.702946042277758,0.793844237399883,-6.25473841366034,"Q5U4C3_S682","Scaf1_S682"
0.349651095692099,19.7023302568793,0.389436905894056,0.704201827022973,0.794406366760038,-6.25544805453789,"A0A0J9YTU3_S55","Specc1_S55"
-0.18717929071952,19.3992555628169,-0.387255814548673,0.705770711058786,0.794620764235989,-6.25632956280926,"A0A1Y7VMH7_S1457","Kidins220_S1457"
0.234268708597327,19.1575523777674,0.387064586510916,0.705908331587506,0.794620764235989,-6.25640661972891,"P70362_S299","Ufd1l_S299"
-0.173615914407584,18.9832365997144,-0.384610718235367,0.707675269602585,0.795755024188315,-6.25739213919199,"Q8BTI8_S773","Srrm2_S773"
-0.503227900629032,20.4854194199224,-0.378963498491407,0.711748414665303,0.79947731893809,-6.2596369867487,"P14873_S1255","Map1b_S1255"
-0.335209588046318,19.9540651606568,-0.369849790422813,0.718341554328306,0.806019217276301,-6.26319156260389,"O35344_S60","Kpna3_S60"
-0.255647766397662,21.3357096724426,-0.365393421254594,0.721574177923828,0.808780468945638,-6.2648989391596,"A2A9M5_S888","Dock7_S888"
0.411439521812888,21.5190864029279,0.363750482054444,0.722767389324046,0.80925237608077,-6.26552330567979,"A0A338P6W1_S900","Rbbp6_S900"
-0.15279933721137,24.4484863068269,-0.361795674717164,0.724188099704162,0.809977725176053,-6.26626261330052,"A0A3B2WBH9;A0A3B2WCN9_S991","Tjp2_S991"
-0.186264784961995,20.1561639641455,-0.357304638922115,0.727456173588932,0.812765532965033,-6.2679463855225,"Q3USH5_S601","Sfswap_S601"
0.460216819127179,20.0481596573377,0.351508509929504,0.73168229108538,0.816616657143215,-6.27008908431284,"Q8R4U7_S660","Luzp1_S660"
0.35420748696885,20.0130498537439,0.339244671376728,0.740654631147932,0.825238105355268,-6.27450974894475,"P81122_S1089","Irs2_S1089"
-0.263469342030756,19.875948462919,-0.33879835981825,0.740981924751247,0.825238105355268,-6.27466773032958,"A0A087WQF1_S598","Clasp1_S598"
0.155385099602814,19.2523546829937,0.334713799970496,0.743979724661335,0.827697188370572,-6.27610408341703,"P13864_S140","Dnmt1_S140"
-0.215556413204833,19.2675829487017,-0.316133505709755,0.757671545958231,0.841491414282752,-6.28242229150636,"Q6P9Q6_S1091","Fkbp15_S1091"
-0.143909750114425,19.2553064294793,-0.315710035681661,0.757984632712708,0.841491414282752,-6.28256216564762,"P09405_S616","Ncl_S616"
0.448041030667294,22.1483369257529,0.309537251952378,0.762553496567101,0.84566779301833,-6.28458015680253,"Q8BTI8_S1508","Srrm2_S1508"
-0.461937985748559,23.8577015409584,-0.307936045148306,0.763740197496744,0.846088506317746,-6.28509722444113,"Q99P72_S857","Rtn4_S857"
-0.175535387296637,19.8071001203194,-0.306331581700349,0.764929945782571,0.846511703463711,-6.28561269996442,"Q9DB52_S73","Fam122a_S73"
0.162775240614991,22.875808856728,0.29978592924196,0.769790216901745,0.850991716574925,-6.28768822431864,"Q8BTI8_S1380","Srrm2_S1380"
0.334642326491327,21.3428640699456,0.294686182523937,0.773584032038311,0.854284579110801,-6.28927470910112,"A2ARP8_S1872","Map1a_S1872"
0.0780763322985223,28.8230919095754,0.29162747418059,0.775862436692765,0.855349031020435,-6.29021339195877,"E9Q616_S217","Ahnak_S217"
-0.143591225770724,21.8047374373699,-0.291201017730429,0.776180275286673,0.855349031020435,-6.29034350070025,"F7CBP1;Q62448-2_T469","Eif4g2_T469"
0.143443266889907,19.4303610455657,0.288806796028995,0.777965482392277,0.855410943735139,-6.29107047902447,"E9Q394-2_S2662","Akap13_S2662"
-0.156115567744514,18.894930342053,-0.288169583891578,0.778440833077623,0.855410943735139,-6.29126296536508,"Q9WTI7-2;Q9WTI7-3_S389","Myo1c_S389"
-0.303687577262078,20.7039096119624,-0.287289679384263,0.779097383660002,0.855410943735139,-6.29152807479938,"A0A0A6YXK7;Q6A065_S950","Cep170_S950"
0.378541621564541,24.0644619740634,0.286748359369883,0.779501384796811,0.855410943735139,-6.29169077418185,"Q9CZH7_S79","Mxra7_S79"
0.155344810621902,19.40011130676,0.281769647359659,0.783220290151254,0.858592954057023,-6.29317299958695,"E9Q226_S276","Ccnyl1_S276"
0.102449395236658,19.0931950500118,0.279944062660837,0.784585350259196,0.859190644797949,-6.29371008825931,"Q8C147_S452","Dock8_S452"
0.137948970865381,18.9444907753391,0.277493913940161,0.786418605904968,0.860169941441644,-6.29442551487751,"P58871_S568","Tnks1bp1_S568"
-0.148930584473764,20.2063904715113,-0.276177452087918,0.787404169353851,0.860169941441644,-6.29480735161665,"F6ZBR8_S180","Wiz_S180"
-0.264368889891632,23.3673500671441,-0.274536899617465,0.788632904034436,0.860169941441644,-6.29528068382406,"A0A3B2WBH9;A0A3B2WCN9_S1011","Tjp2_S1011"
0.147025229413206,20.9622533157709,0.274363643235309,0.788762703936469,0.860169941441644,-6.29533050937591,"Q7TQH0-2_T499","Atxn2l_T499"
-0.155669474315147,22.5185625623339,-0.273204690638874,0.78963113735372,0.860221862730456,-6.29566300627105,"H3BL37_S1252","Tcof1_S1252"
-0.277209448877894,20.0966380401201,-0.258277212220143,0.800842866469612,0.871529931526639,-6.29982141757818,"A0A0G2JGQ6;Q80VB6;Q9JLM8_S313","Dclk1_S313"
-0.405161921539111,22.3443637591296,-0.256848096163614,0.801918744804403,0.871795481903542,-6.30020743227329,"Q61029;Q61033_T159","Tmpo_T159"
0.139221629726944,23.2491877892261,0.253015918367742,0.804805818971568,0.874027459359796,-6.30123208458013,"P14873_S1260","Map1b_S1260"
0.231720699406555,20.0146983380422,0.249624680405955,0.807363229181824,0.87589716789084,-6.30212614013921,"Q8BLH7_T167","Hirip3_T167"
-0.0764202457834067,18.6834323275055,-0.245892756898052,0.810180267129061,0.878044384644526,-6.30309622665717,"Q8VCD7_S475","Kdm4c_S475"
-0.226740304805599,23.6716990203499,-0.243153554200016,0.81224973535421,0.879377812656211,-6.30379906569227,"Q05D44_S215","Eif5b_S215"
0.147917106526982,19.1655092950577,0.240611634089529,0.814171492652997,0.880548735088072,-6.30444431705468,"Q811L6_S1776","Mast4_S1776"
-0.217629925308326,19.446926981299,-0.238952626100085,0.815426433119299,0.880996806091779,-6.30486182782099,"E9Q394-2_T1871","Akap13_T1871"
-0.14904224112901,19.4523038126559,-0.236983948843607,0.816916318866462,0.881697530558241,-6.3053535617723,"A2AE27_S135","Ampd2_S135"
-0.145334411141519,19.8297347333393,-0.230068424516311,0.822155886197794,0.886288399291584,-6.30704899053435,"B1AR17_S1651","Chd3_S1651"
-0.104643595313259,20.8087924860666,-0.229138328486702,0.822861271479686,0.886288399291584,-6.30727322228495,"E9PWW9_S1347","Rsf1_S1347"
-0.254427873449664,22.0851126817735,-0.226177081745408,0.825108164500671,0.887796053795384,-6.30798114044668,"Q9QXS1;Q9QXS1-13;Q9QXS1-3_S4396","Plec_S4396"
-0.176559240624456,19.7829312322045,-0.22492236038437,0.826060697511685,0.887909344607432,-6.30827834365542,"A0A2I3BRX9_S1315","Ralgapa1_S1315"
-0.248248854942865,19.7730648093311,-0.220091743365149,0.829730610695398,0.890940245910632,-6.30940726563952,"A2AJI0;A8Y5P4_S552","Map7d1_S552"
0.10178124421661,19.380078176843,0.216779728596079,0.832249263040699,0.892730018082551,-6.31016724979867,"E9Q7S1_S855","Zfp106;Znf106_S855"
-0.138848203715689,19.296341085776,-0.215101197833046,0.833526467918359,0.893185826562822,-6.31054804794288,"P59325_S227","Eif5_S227"
-0.106245599498362,24.287645357264,-0.212424154189312,0.835564480903364,0.894455133796451,-6.31114929886088,"Q8C2Q7;P70333_S104","Hnrnph1;Hnrnph2_S104"
0.213912356009594,23.6718396066485,0.211142756704195,0.836540444834991,0.894586108354154,-6.31143445167208,"Q8BTI8_T1986","Srrm2_T1986"
0.173980433649877,22.0779190521739,0.20506175816602,0.841175854320383,0.897866731615103,-6.31276433698308,"E9Q5K9-3_S309","Ythdc1_S309"
0.119134112054248,18.949761216233,0.204870577965339,0.8413216893569,0.897866731615103,-6.31280552199145,"E9Q394-2_S1817","Akap13_S1817"
0.140829516837833,19.4746982543893,0.196900008713034,0.847407202566184,0.903441249531394,-6.31448864707812,"A2RSJ4_S418","Uhrf1bp1l_S418"
-0.159672282362965,19.4286747996786,-0.193670315605357,0.849876041471119,0.904647898746491,-6.31515177551507,"E9Q8K8;Q6ZPZ3-2_S1221","Zc3h4_S1221"
-0.147119185777481,19.5562826766178,-0.193161113125238,0.85026543918444,0.904647898746491,-6.31525533222604,"E9Q0Y4_S53","Sipa1_S53"
-0.164233879943609,20.6848388249374,-0.188026913745442,0.854193972455243,0.907905966666424,-6.31628434451081,"A0A338P6F2_S186","Osbpl11_S186"
0.0871523758166113,21.6768287902137,0.186233140161993,0.855567489608633,0.908444507710078,-6.31663736641503,"O54724_S42","Ptrf_S42"
0.123917513521913,19.3419748096297,0.178034812202568,0.861851332793595,0.914178108202152,-6.31820801543284,"A0A1Y7VP67_S456","Elmsan1_S456"
-0.152149176136231,19.4555030658275,-0.176912985019679,0.862711974248023,0.914178108202152,-6.31841747021684,"H9KV00;Q9QX47-2_S2029","Son_S2029"
0.0942002111172471,22.7243161594016,0.170318748072117,0.867774641371784,0.917897604776783,-6.31962205388791,"D3Z5I9_S203","Rbm33_S203"
-0.205222843256301,22.4765222908069,-0.168894075834236,0.868869240318551,0.917897604776783,-6.31987632387519,"A2A8V8_S220","Srrm1_S220"
0.130436199262284,22.9112660086577,0.168441669227103,0.869216891650764,0.917897604776783,-6.31995662317547,"Q8VBW5-2_S733","Bbx_S733"
-0.0748664303916335,19.3919170476718,-0.167779876044652,0.869725497655864,0.917897604776783,-6.3200737012875,"E9Q2B2_S1414","Ncor1_S1414"
-0.0826241002212136,24.0865737059872,-0.163765783544,0.872811742266309,0.91916319468535,-6.32077400969872,"Q8BTI8_S1577","Srrm2_S1577"
0.08820310124446,19.4643398170938,0.16340768173274,0.873087177557009,0.91916319468535,-6.3208356652046,"Q63918_S296","Sdpr_S296"
0.229059224978851,20.8613350180133,0.162798384913519,0.873555860597909,0.91916319468535,-6.32094026105864,"E9PV45_S2045","Usp24_S2045"
0.123494476288485,19.8573608310697,0.155857204735616,0.878898671713205,0.923857380095726,-6.32210437661796,"Q922J3_S194","Clip1_S194"
-0.0768037802763466,19.0759490734421,-0.148754233330141,0.884372519366655,0.928679759815886,-6.32324335141857,"Q6NSQ7_S17","Ltv1_S17"
-0.0706067053045487,19.0356255935696,-0.14588184160947,0.886587906741436,0.930074200465491,-6.32368892251956,"E9Q616_S3744","Ahnak_S3744"
0.0921096690567822,21.4426048887273,0.139641290963604,0.891404502484483,0.934191918603738,-6.32462714033758,"Q9Z277_S361","Baz1b_S361"
-0.155009514375365,20.0979306469255,-0.134318444429514,0.895516407765401,0.937563631706434,-6.32539509274541,"A0A589P973;Q8CH77_S480","Nav1_S480"
-0.0889807989895992,20.8628361656264,-0.130702387476987,0.89831164696909,0.939458245681553,-6.32589983162127,"Q6ZPR6_S1084","Ibtk_S1084"
0.114196095847273,21.2533836065249,0.129658417387369,0.899118912613165,0.939458245681553,-6.32604299749441,"A0A0A6YXK7;Q6A065_S1048","Cep170_S1048"
0.0601757490995425,19.5062306819079,0.120954724003768,0.905853709219334,0.944382006940738,-6.32719202879213,"A2AQD6_S330","Ssfa2_S330"
0.0786758405382564,19.3522042802428,0.120089336309527,0.906523764642306,0.944382006940738,-6.32730192404292,"E9Q6A7_S1187","Bptf_S1187"
-0.149763903528537,22.6684229320548,-0.120075296018737,0.906534636433571,0.944382006940738,-6.32730370052622,"A0A0A6YXK7;Q6A065_S1102","Cep170_S1102"
-0.0729594279504333,22.9856683665802,-0.114469288625082,0.910877093467309,0.947851093882506,-6.32799645791485,"Q80W00_S313","Ppp1r10_S313"
0.288790529281894,20.926496103856,0.113441485084793,0.911673571215234,0.947851093882506,-6.32811988422499,"A0A087WPX0;A0A087WQQ5_S75","Ktn1_S75"
0.203896264878225,20.8401391512483,0.110020956283505,0.914324970338829,0.949665578706732,-6.32852264795837,"Q99P72_S953","Rtn4_S953"
0.058894016223956,19.0608678602547,0.0944071370089817,0.926441195448684,0.959865928307192,-6.33020485982197,"Q0P6A0_S154","Adgrl2;Lphn2_S154"
-0.0418771305708106,23.1689001270802,-0.0935931870234925,0.927073376225395,0.959865928307192,-6.33028551895909,"A0A0A0MQE5_S560","Camsap1_S560"
-0.0366374573944661,24.7412357402709,-0.093283032691418,0.92731428150213,0.959865928307192,-6.33031607051465,"Q05D44_S114","Eif5b_S114"
-0.0640633251684513,19.1161914100761,-0.0926457021352866,0.927809337190063,0.959865928307192,-6.33037853255811,"A0A589P973_S50","_S50"
-0.0515293377324113,19.5866143821854,-0.0888778183202609,0.930736737655767,0.961304013305614,-6.33073907072554,"Q8CIN4_S2","Pak2_S2"
0.0424261844885159,19.3969859603025,0.0884953588042738,0.93103394418435,0.961304013305614,-6.33077483168453,"H9KV00;Q9QX47-2_S1794","Son_S1794"
-0.0699012365631724,18.6590865639645,-0.0835730987815191,0.934859957088031,0.964304365185292,-6.33122132986299,"P09405_T121","Ncl_T121"
0.0491090666521181,19.4641435400363,0.082107254065351,0.935999675859446,0.964530639430382,-6.33134936655758,"E9Q3E2_S805","Synpo_S805"
-0.0921645451029036,23.7617100886936,-0.0786836039387029,0.938662197859533,0.964821560527008,-6.33163959631147,"Q61687_S92","Atrx_S92"
-0.0835966094327425,22.3399330655884,-0.0785809948835176,0.938742007616664,0.964821560527008,-6.33164810414723,"A0A3B2WCL5_S107","Ranbp3_S107"
-0.0321909235207656,19.7835524174528,-0.0781928878346932,0.939043885245752,0.964821560527008,-6.33168018376672,"Q6PR54-2_S1457","Rif1_S1457"
0.0338494112173358,20.7975964052023,0.0742606353789464,0.942103025604744,0.967016621776466,-6.33199626296303,"Q9D0R8_T75","Lsm12_T75"
0.0342868302952439,22.8095036183782,0.0724646891803966,0.943500528772417,0.967230641743713,-6.33213520464921,"E9QMJ1_S697","Asap1_S697"
0.0313802402210541,19.2910741488976,0.0710997132241726,0.944562808046536,0.967230641743713,-6.33223853194001,"E9Q784_S198","Zc3h13_S198"
-0.0526682285559161,19.5278864264787,-0.0694967927268638,0.945810408412267,0.967230641743713,-6.33235736523445,"A2A9M5_S929","Dock7_S929"
-0.131134808908282,23.5229980661264,-0.0690161553949326,0.946184532274884,0.967230641743713,-6.33239246993626,"P27546;P27546-2_S475","Map4_S475"
-0.0630146640410523,19.5606413592454,-0.0680634087302937,0.946926181707109,0.967230641743713,-6.33246133698573,"Q3UH59_S1993","Myh10_S1993"
0.0868091157317501,21.9905224594598,0.0640381211014087,0.950060167394265,0.969486908889181,-6.33274173776933,"Q99LH9_S30","Sh3bp5l_S30"
0.020241844880271,25.3135475461699,0.0602184284109478,0.953034896028638,0.971576430970829,-6.33299202697776,"Q8BTI8_T973","Srrm2_T973"
-0.0203952578346183,19.199991519788,-0.0560833069891357,0.956256114639662,0.973029341887571,-6.33324564950204,"E9Q616_S4648","Ahnak_S4648"
-0.0263666349959735,19.2567643109674,-0.0551666884259694,0.956970263610995,0.973029341887571,-6.33329942860671,"E9Q2B2_S2068","Ncor1_S2068"
-0.0229039088173231,19.1940258003561,-0.0545174564185936,0.957476112192733,0.973029341887571,-6.33333698398388,"Q7TPM9_S745","Mtmr10_S745"
-0.021978037208509,19.5009427558482,-0.0536218795668431,0.958173932087761,0.973029341887571,-6.33338806014434,"Q99KH8_S4","Stk24_S4"
-0.0410476490524765,19.8073185359151,-0.0513783988600882,0.959922177000038,0.973861027585711,-6.33351229717589,"E9Q784_S77","Zc3h13_S77"
0.0289071462372696,18.9144586642763,0.0463666550211062,0.963828384547927,0.976878285305829,-6.33377066374481,"Q3UZ39_S547","Lrrfip1_S547"
-0.0214467227726516,18.9366233261555,-0.0372613397231526,0.970927620176169,0.98312284632331,-6.33417229190028,"E9QQ30_S711","Eif2ak3_S711"
-0.0331830972363534,20.1907633851067,-0.0331360805977954,0.974144905259287,0.984433707301492,-6.33432547340028,"Q6P5B0_S1081","Rrp12_S1081"
-0.0286921087155925,19.5513914297606,-0.0325686642412375,0.974587471447912,0.984433707301492,-6.33434513882916,"Q3UH70_S1154","Brd4_S1154"
-0.0131975224681398,19.258721621271,-0.0319881588129136,0.975040255895943,0.984433707301492,-6.33436490646611,"P35831_S748","Ptpn12_S748"
0.0211380707883428,19.0588824345993,0.0297094019631859,0.976817734737922,0.984640452999855,-6.33443906751003,"B1AST8_S14","Mast2_S14"
0.0131842495183285,22.9068355891639,0.0288286832749068,0.977504749706835,0.984640452999855,-6.3344662625304,"E9Q585_S258","Slc4a1ap_S258"
-0.0133904527437636,22.9833768217314,-0.0253939823203013,0.980184204641079,0.984640452999855,-6.33456450248991,"Z4YJT3_S302","Larp1_S302"
0.0246979524914721,20.5011282457847,0.0249954474919598,0.980495123978003,0.984640452999855,-6.33457509571492,"P35831_S673","Ptpn12_S673"
-0.0313567555068417,20.2065401651279,-0.0247432643420569,0.980691867920204,0.984640452999855,-6.33458171229721,"Q6A065_S358","Cep170_S358"
-0.0209420439875849,20.3474049420858,-0.0244991946298023,0.980882283331917,0.984640452999855,-6.33458805212159,"Q9Z0H8-2_S889","Clip2_S889"
-0.0111499908578168,19.5067767021941,-0.0204089852304956,0.984073509144496,0.986898600558308,-6.33468494647835,"Q61687_S801","Atrx_S801"
-0.0114926752147753,19.6663473561755,-0.0143215405985493,0.988823519061041,0.990714195005708,-6.33479647391173,"D3Z5N6_S142","Dpf2_S142"
0.0105314429608114,24.146909780821,0.00382090137745834,0.997018078664341,0.997970340439569,-6.33489697130039,"A0A0G2JGQ6;Q80VB6;Q8CCN4;Q9JLM8_T336","Dclk1_T336"
0.00013815599154654,19.8367752238404,0.000265765148875794,0.999792590077985,0.999792590077985,-6.33490463560596,"Q9JKP8_S122","Chrac1_S122"
